id,grid,name,type,lat,lng
7211425507,480,圓滿川湘菜海鮮,restaurant,25.0385313,121.5850622
4384740026,360,麥當勞,fast_food,25.0724837,121.4960273
3514374814,479,漢堡大師,fast_food,25.0377947,121.5746495
3550647397,439,春梅子餐廳,restaurant,25.0517081,121.5357573
3656268829,514,金華麵店,restaurant,25.0292578,121.5235073
3760220091,365,頂呱呱,fast_food,25.0754775,121.5766644
2406793659,478,Spaggo - Pasta House,restaurant,25.0309917,121.5603710
5680820504,443,摩斯漢堡,restaurant,25.0528250,121.6060677
4928425283,438,Joe Alley brunch,cafe,25.0556795,121.5324419
6373399411,249,肯德基,fast_food,25.1156676,121.5282813
3379237109,479,瓦城大心,restaurant,25.0354358,121.5670365
3438534393,734,姊妹小吃店,restaurant,24.9568132,121.5384255
5110348737,440,田季發爺,restaurant,25.0483623,121.5612358
5551876723,557,Bebe sweet,restaurant,25.0131447,121.5351452
3707814897,762,紫苑潮州砂鍋粥,restaurant,24.9449477,121.3769695
7138715806,213,岡山眷村涼麵,restaurant,25.1356885,121.5030158
3835327765,649,邱記涼麵,restaurant,24.9842757,121.5597773
1844866487,248,仙客來,restaurant,25.1188847,121.5128936
6140337455,514,賊十三,restaurant,25.0197411,121.5313303
4496468491,548,同心園小館,restaurant,25.0040129,121.4135617
4386830987,191,地瓜湯米粉湯,restaurant,25.1502765,121.5483802
7175334765,405,詹詹自囍,restaurant,25.0696191,121.6182268
7080016490,515,春花微笑,restaurant,25.0251719,121.5345282
4462659061,324,地中海餐廳,restaurant,25.0947133,121.5151033
3275559061,442,磚窯古早味懷舊餐廳,restaurant,25.0528760,121.5836940
5219053323,249,露特西亞Lutetia,cafe,25.1142214,121.5274824
2918997923,475,牛店,restaurant,25.0425721,121.5048228
4786107211,479,Cozzi Café,cafe,25.0404212,121.5670714
3752360125,139,Buona Pasta,restaurant,25.1742427,121.4518384
1720014709,327,摩斯漢堡,fast_food,25.0837116,121.5555709
4173012793,439,印度風情(即將開幕),restaurant,25.0528700,121.5455044
3341995475,640,龍鳳美而美,restaurant,24.9829716,121.4229751
5372146607,555,深坑臭豆腐,restaurant,25.0074696,121.5091801
3654087652,438,HEY CAFE,cafe,25.0485918,121.5223631
2912371601,138,士林豪大大雞排,fast_food,25.1697200,121.4398915
2168323069,439,金好家客家菜,restaurant,25.0517112,121.5396200
6140337459,515,光一,cafe,25.0192173,121.5335780
3262991961,437,小潘牛肉麵,restaurant,25.0494588,121.5088071
4986591813,368,2018搞食堂,restaurant,25.0730451,121.6072450
5505377672,601,大力小吃,restaurant,25.0004113,121.5398018
4524863624,439,赤神日式豬排,restaurant,25.0496410,121.5437102
3670390140,478,門司燒きカレー,restaurant,25.0429122,121.5557960
3854086751,321,鴨對寶燒臘,restaurant,25.0882705,121.4665070
4483165494,325,星巴客,cafe,25.0884109,121.5264918
4070047187,601,聰明油飯,restaurant,24.9907527,121.5415178
6189317567,360,長疆羊肉爐,restaurant,25.0742308,121.4912089
3835345479,650,如意小吃,restaurant,24.9838907,121.5683743
3722754930,515,爭鮮迴轉壽司,restaurant,25.0266037,121.5436786
7194706771,366,鷹堡52,restaurant,25.0823517,121.5810120
6357749096,602,頂鼎麻油雞,restaurant,24.9988636,121.5572847
6926448485,402,金龍食堂,restaurant,25.0580332,121.5642825
3034547265,439,三花日式料理,restaurant,25.0534413,121.5372404
5564549022,444,山東餃子館,restaurant,25.0528367,121.6172495
7175334756,211,金牛座牛排屋,restaurant,25.1283014,121.4676262
7095347143,439,泉。精緻鍋物,restaurant,25.0447400,121.5478916
7211425499,336,新風味生猛活海鮮,restaurant,25.0850880,121.6945233
7004130373,437,石尚恐龍主題餐廳,restaurant,25.0435808,121.5141837
4217382153,478,凪,restaurant,25.0382710,121.5498348
7365964054,397,店小二,restaurant,25.0653914,121.4989643
2558221482,472,笑咪咪三明治,restaurant,25.0307100,121.4721036
5678641621,476,珍珠水果特調,cafe,25.0325615,121.5300982
7130802011,401,胖張水煎包,restaurant,25.0574107,121.5531022
4226190589,406,原牧炙燒牛排/鍋燒麵,restaurant,25.0686307,121.6329170
4547470789,324,貝思提,cafe,25.0889219,121.5095831
6090439071,325,阿姨鹽水雞,restaurant,25.0879893,121.5236120
5621089407,640,大嘴巴,restaurant,24.9826157,121.4234064
1973476978,476,摩斯漢堡,fast_food,25.0423539,121.5318734
2563901890,648,小蒙牛,restaurant,24.9831326,121.5369253
5981891184,601,風箏人咖啡,cafe,25.0002723,121.5460852
3463539663,598,三媽臭臭鍋,restaurant,24.9950711,121.5017529
3663951136,511,阿華肉羹,restaurant,25.0184701,121.4805499
3860789100,593,台南鍋燒意麵,restaurant,24.9913317,121.4234956
4360380423,515,三隻貓頭鷹,restaurant,25.0232294,121.5427324
3837459793,640,福德食堂,restaurant,24.9786124,121.4196430
4062838189,138,醃大王情人果,fast_food,25.1688026,121.4434323
5109347771,514,永茂自助餐,restaurant,25.0248502,121.5317804
3912889158,363,金榜書局,restaurant,25.0830021,121.5472772
7271135356,139,歐奇娜娃早午餐,restaurant,25.1688576,121.4467561
7004248048,327,大戶屋日本料理,restaurant,25.0836913,121.5577938
5273028686,555,四海遊龍,restaurant,25.0132527,121.5121418
6881370463,438,圓安廚,restaurant,25.0490618,121.5262481
6903271899,433,豐滿早午餐,restaurant,25.0523822,121.4495793
6054976959,325,卡帕卡巴,restaurant,25.0885270,121.5236749
5172407622,249,Mr. Brown,cafe,25.1183280,121.5261918
6024211759,648,瑞麟美而美,restaurant,24.9859805,121.5418659
4820634508,561,東南科技大學學生第二餐廳,restaurant,25.0040083,121.6039929
1412407357,552,錢都日式涮涮鍋,restaurant,25.0023588,121.4625108
7194693214,399,肉舖廚房,restaurant,25.0690192,121.5220918
5564549036,444,蚵仔煎,restaurant,25.0550319,121.6130973
2632689003,478,BOX 巴克斯,restaurant,25.0418541,121.5554750
4742234725,439,卓莉手工釀啤酒泰食餐廳,restaurant,25.0540352,121.5456103
3893604038,437,CoCo壱番屋-漢口店,restaurant,25.0452612,121.5139841
2563901903,648,50 嵐,restaurant,24.9826793,121.5353151
4384259023,514,瑪丘墨式餅舖,restaurant,25.0244486,121.5269652
3889229972,399,海霸王,restaurant,25.0686396,121.5232519
2776694529,556,星巴克,cafe,25.0078678,121.5207413
6205139410,478,mamak檔 星馬料理,restaurant,25.0423829,121.5528880
7211425624,374,金饌麵線,restaurant,25.0826812,121.6991644
5938833876,514,傳盛小食香菇肉粥,restaurant,25.0223904,121.5284926
3786348254,514,七里亭,restaurant,25.0172722,121.5325635
3826206858,479,cama café現烘咖啡,cafe,25.0384438,121.5678748
5813113753,475,北義極品,cafe,25.0334859,121.5068149
7211439843,440,老先覺麻辣窯燒鍋,restaurant,25.0479258,121.5580565
7211425808,403,Ryan帶早餐,restaurant,25.0681692,121.5859348
7211419070,374,鳳蓮素食自助餐廳,restaurant,25.0817510,121.6980722
7211425609,374,恰恰飯麵館,restaurant,25.0816252,121.6963735
4967959671,762,荻屋,restaurant,24.9440789,121.3783412
5189741821,249,cafe in,cafe,25.1198502,121.5265513
4325693914,438,東利,restaurant,25.0434996,121.5312111
2391800642,362,混蛋老闆果汁店,fast_food,25.0800758,121.5203116
4102202592,762,五花馬水餃館 三峽大學門市,restaurant,24.9424099,121.3758145
5187744629,287,餃當家,restaurant,25.1086211,121.5312659
3908055730,438,老爸咖啡,cafe,25.0448808,121.5238305
6190826763,437,南南一村台灣牛肉麵,restaurant,25.0445737,121.5158853
2061784663,734,小飯廳,restaurant,24.9591040,121.5382241
4838087673,437,肯德基,fast_food,25.0466793,121.5176845
4031296843,439,怡客咖啡,cafe,25.0529490,121.5468861
6141858785,325,歡樂便所主題餐廳,restaurant,25.0896697,121.5270946
3959167646,762,丐幫滷味 北大分舵,restaurant,24.9473007,121.3744079
4144034489,324,coffee stand,cafe,25.0912209,121.5175145
5875366065,475,永興自助餐,restaurant,25.0415822,121.5058091
2392237984,400,黎阿姨好粥道,restaurant,25.0605432,121.5349678
2853438742,439,寶妍定食屋,restaurant,25.0500554,121.5422478
6066275856,471,すき家,fast_food,25.0363891,121.4530689
3510224822,400,Joco Latte,cafe,25.0574603,121.5425861
5211483221,249,神戶牛排,restaurant,25.1121478,121.5284779
5110348657,515,餘記麵館,restaurant,25.0262591,121.5477547
7211425515,404,越南粉捲,restaurant,25.0646998,121.5931136
4524318933,601,大橋頭魯肉飯,restaurant,24.9904608,121.5423419
7271149973,139,Arirang 阿里郎韓式料理,restaurant,25.1686874,121.4462886
3700536513,478,越豐麵館,restaurant,25.0313361,121.5600033
3510607468,401,Wash Coffee,cafe,25.0599173,121.5480562
7211419056,442,劉記豆漿店,restaurant,25.0458942,121.5857371
7194706718,444,想漆肉圓伯之真味肉圓,restaurant,25.0534111,121.6160606
3278448292,639,美美早餐店,restaurant,24.9801050,121.4152544
7365923884,397,阜囍廣東粥,restaurant,25.0665843,121.4985722
5205493121,287,Domino`s,fast_food,25.1098247,121.5255888
5564542412,444,ㄔˇ 留香湯包專賣店,restaurant,25.0560831,121.6116503
4254654858,515,池先生咖哩屋,restaurant,25.0218686,121.5427660
3104849438,650,彩虹咖啡,cafe,24.9882634,121.5652157
4200642683,601,山東餃子館,restaurant,24.9976871,121.5445488
5178056922,248,第二家鹽酥雞,restaurant,25.1110756,121.5161944
3172604827,599,鬍鬚張魯肉飯,restaurant,24.9945752,121.5051195
7153752251,439,小吃攤,restaurant,25.0440967,121.5358174
3473061794,552,西堤牛排,restaurant,25.0076855,121.4599783
3430332191,554,頂呱呱,fast_food,25.0026165,121.4973681
1837963116,366,藍色馬克,restaurant,25.0766172,121.5788707
4018210619,478,韓國館,restaurant,25.0346365,121.5597867
6182991556,433,肯德基,fast_food,25.0489845,121.4472360
3711235223,287,北投志明牛肉拉麵,restaurant,25.1044498,121.5218196
7175344627,366,蔬福緣健康飲食概念館,restaurant,25.0758159,121.5845698
3210313412,515,芝鄉涼麵,restaurant,25.0253520,121.5449967
4156554947,507,Starbucks,cafe,25.0265665,121.4175708
5733249172,443,大戸屋,restaurant,25.0524110,121.6047082
3463196824,598,馥達山東燒雞,restaurant,24.9950464,121.5021710
3514477402,185,光州神仙炉,restaurant,25.1379460,121.4604022
7037347318,437,祥星記,restaurant,25.0516930,121.5131666
4834803844,557,牛肉麵紅油炒手,restaurant,25.0138752,121.5337698
5198011427,249,OD Flower and Food,cafe,25.1192482,121.5287292
7213811088,479,MAiSEN 邁泉,restaurant,25.0367590,121.5668777
7227409587,642,弘爺漢堡,fast_food,24.9876670,121.4552466
2622332622,439,潮流湯飯,restaurant,25.0514584,121.5359569
2896620514,433,海力士,restaurant,25.0492691,121.4496205
4969864578,507,石都府石頭火鍋,restaurant,25.0224155,121.4251553
4737705387,367,馳走屋,restaurant,25.0738354,121.6051973
4143035557,648,黑人牛肉麵店,restaurant,24.9810883,121.5442774
5222766021,287,石元鍋精緻石頭火鍋,restaurant,25.1038627,121.5208653
6269043216,602,池上美鄉木盒便當,restaurant,24.9997801,121.5480834
5551891024,477,mimo cafe,cafe,25.0331998,121.5382951
3860013614,601,池上便當,restaurant,24.9969809,121.5448426
3590018294,694,二空新村,restaurant,24.9712892,121.5412902
5242596821,249,小黑咖啡簡餐,restaurant,25.1126877,121.5293900
4754476211,557,客家魷魚羹,restaurant,25.0121317,121.5356656
5380535123,399,晴光芋頭米粉,cafe,25.0644193,121.5242443
3006495333,139,嚐鱻壽司,fast_food,25.1671118,121.4464442
5938824200,723,Mr. sushi,restaurant,24.9494803,121.3838464
4667202589,358,麋鹿小館,restaurant,25.0801409,121.4617311
5544094221,478,Sugar Miss,cafe,25.0393728,121.5568377
7138715835,288,玉娟越南小吃,restaurant,25.1105233,121.5339024
2378064245,648,我家牛排,restaurant,24.9759265,121.5351829
4837986518,439,漢陽館韓國料理,restaurant,25.0524808,121.5463087
3670374296,478,一品蔬菜羊肉專賣店,restaurant,25.0428356,121.5554159
5661007796,388,巧味溫州大餛飩,restaurant,25.0589160,121.3694259
4265879211,640,金胤傳統料理臭臭鍋,restaurant,24.9806339,121.4156293
4298881343,557,"Wen's,Kitchen",restaurant,25.0143397,121.5340047
3860006658,601,味自慢季節料理,restaurant,24.9934929,121.5443068
7211425677,403,阿川涼麵,restaurant,25.0686552,121.5860694
5189745724,249,南美咖啡,cafe,25.1197264,121.5270269
6703646972,476,沐樂咖啡,cafe,25.0339624,121.5265533
4018209531,439,北平陶然亭餐廳,restaurant,25.0513896,121.5437973
5875366063,475,吉祥素食,restaurant,25.0415810,121.5057260
4293261211,697,小日子,cafe,24.9670038,121.5895532
2630779796,599,拿坡里披薩,fast_food,24.9919051,121.5118029
7213007942,515,嘰嘰喳喳,restaurant,25.0263969,121.5394662
7004248033,364,Meat Love 橡木炭火 韓國烤肉,restaurant,25.0834893,121.5569321
2292449755,406,拉亞漢堡,restaurant,25.0635326,121.6304701
7002886735,437,富旺小館,restaurant,25.0459166,121.5154167
3029053633,114,田園西餐廳,restaurant,25.1822593,121.4152719
7365964017,397,漢堡王,fast_food,25.0640269,121.4972049
4308725465,470,石二鍋 新莊輔大店,restaurant,25.0300835,121.4346400
6515975289,248,晴光車輪餅,restaurant,25.1151970,121.5108962
4928425249,439,武藏大眾食堂,restaurant,25.0513283,121.5343974
5295462993,478,Orchid蘭餐廳,restaurant,25.0300230,121.5521792
4800877811,467,伯朗咖啡館,cafe,25.0351968,121.3889982
7130418585,399,仙草下凡,cafe,25.0673412,121.5230021
6084274509,287,ASTO Gelateria & Boutique 冰淇淋餐廳,restaurant,25.1070531,121.5242519
3699875996,444,錢都日式鍋,restaurant,25.0444354,121.6161336
5005108214,388,MOS漢堡,restaurant,25.0660528,121.3616282
4153900229,506,永和豆漿大王,fast_food,25.0175697,121.4031662
4343743389,366,瑞元香菇肉羹,restaurant,25.0745767,121.5781692
4312418442,366,永和豆漿大王,restaurant,25.0806839,121.5912486
7095347132,439,九尾韓國豆腐煲,restaurant,25.0436945,121.5464023
3742378207,365,麥當勞,fast_food,25.0792317,121.5694891
3835317773,649,老曾涼麵,restaurant,24.9812136,121.5579899
3707814389,762,巷仔內飯、麵小館,restaurant,24.9453525,121.3764746
3292775570,510,益香園精緻自助餐,restaurant,25.0192746,121.4669239
4033134258,734,飛碟漢堡,restaurant,24.9566568,121.5343663
4312911532,640,恩典小棧,restaurant,24.9776876,121.4179866
5645321600,388,可久居鍋之物,restaurant,25.0596177,121.3686993
2667124118,648,檸檬綠荼飲集,cafe,24.9810201,121.5373505
2413063627,762,星巴克,cafe,24.9475716,121.3797951
6843949706,327,路易沙咖啡,cafe,25.0866510,121.5616019
4775572072,514,漁人食舖,restaurant,25.0194772,121.5318103
3708802400,469,學生餐廳（2）,restaurant,25.0419282,121.4221954
7194706996,361,丫田廚房,restaurant,25.0703706,121.5139339
4524328171,514,挑豆院,cafe,25.0189660,121.5306943
7211425658,403,車庫-家傳肉焿,restaurant,25.0676800,121.5864189
4153900223,548,雞肉川,restaurant,25.0158387,121.4134722
5212168622,249,七味屋,restaurant,25.1191240,121.5288350
7095334643,439,可口豬肝湯麻醬麵,restaurant,25.0430068,121.5465019
3440499389,554,美而美,fast_food,25.0035570,121.4962199
7004093432,437,福村飲食店,restaurant,25.0495078,121.5129445
5957577486,400,狂食堂烤肉飯專賣店,restaurant,25.0602036,121.5353639
3670390141,478,香味自助餐,restaurant,25.0425796,121.5547071
7211425642,443,昆陽包子饅頭店,restaurant,25.0496931,121.5944552
2313764676,366,湖之屋壽司,restaurant,25.0811752,121.5917654
3704355298,516,御廚房,restaurant,25.0242647,121.5531256
3369452487,250,天母豆漿,restaurant,25.1121011,121.5375522
6024333536,649,如意早餐店,restaurant,24.9843121,121.5599595
4452890777,506,八方雲集,fast_food,25.0169573,121.4023098
5110491032,438,溫州大餛飩,restaurant,25.0519184,121.5247222
7272342085,408,涼麵店,restaurant,25.0637386,121.6563307
7368631836,397,御鼎極品豬腳,restaurant,25.0638233,121.4994238
7095347141,439,圖角獸咖啡,restaurant,25.0440778,121.5474137
6578286271,441,莊家班麻油雞,restaurant,25.0489439,121.5662085
6938602186,399,窩．鴿子,restaurant,25.0659375,121.5236291
7194693262,482,客家人麵攤,restaurant,25.0420669,121.6177442
2625503728,363,麻油雞 麵線 廣東粥,restaurant,25.0796686,121.5460031
4334949798,475,賢記,restaurant,25.0314130,121.5178654
6978419885,478,星巴克,cafe,25.0347262,121.5621268
5250528824,325,米大師 伴手禮轉賣店,restaurant,25.0891007,121.5251526
4205230086,438,参昧真火,restaurant,25.0489430,121.5262565
4314326439,367,美而美,restaurant,25.0792827,121.5938156
4298941395,478,麻辣公館,restaurant,25.0398900,121.5556323
6415774065,556,Chinese Buffet,restaurant,25.0135653,121.5186608
2912242163,139,窩浩斯,restaurant,25.1691081,121.4467369
2188358183,400,O'La Pasta & Bar,restaurant,25.0572407,121.5392536
3053060098,478,朝鮮味,restaurant,25.0388118,121.5539515
2297924578,367,布夏拉提咖啡,cafe,25.0799471,121.5924799
4669665492,478,米販咖啡,cafe,25.0349745,121.5503512
3835833936,557,但馬屋壽喜燒,restaurant,25.0141675,121.5345338
7153752260,438,紅燒牛肉麵,restaurant,25.0448527,121.5331540
4483368490,325,永康街15號,fast_food,25.0879657,121.5236086
4200642681,558,小樽定食壽司,restaurant,25.0025003,121.5515186
6811967185,408,梁社漢排骨,restaurant,25.0623125,121.6532081
5276462227,564,摩斯漢保,fast_food,25.0089437,121.6457182
3626227404,556,亞美の豆漿大王,restaurant,25.0041331,121.5245287
2084825233,438,別境壽司,restaurant,25.0442155,121.5289953
4205229651,439,大和日本料理,restaurant,25.0542867,121.5438365
3040338633,138,貓雨咖啡,cafe,25.1687138,121.4437552
3245712560,556,牛肉細粉麵店公館捷運店,restaurant,25.0152210,121.5330139
2919811074,648,小蔬杭上海風蔬食飲茶,restaurant,24.9822604,121.5407722
6408110089,213,黃家酸菜滷肉飯,restaurant,25.1326787,121.5027713
4430972992,477,铀咖啡,cafe,25.0366990,121.5450183
6353691307,330,路易莎咖啡,cafe,25.0844119,121.5943569
5371530797,330,爭鮮迴轉壽司內湖店,restaurant,25.0837185,121.5943047
2473810198,476,鵝肉台南意麵,restaurant,25.0404316,121.5312820
4344542427,438,名湯滷肉飯,restaurant,25.0507959,121.5270910
7365964012,397,世洲排骨飯,restaurant,25.0671970,121.4983610
4205229676,439,玖五川味牛肉麵,restaurant,25.0560046,121.5462312
3740826740,725,柑仔園早餐,restaurant,24.9603594,121.4045992
3887762024,514,俄羅斯城堡,restaurant,25.0175280,121.5325560
1978019318,478,阿財魚刺肉羹,restaurant,25.0397304,121.5550027
6116330636,401,民生炒飯,restaurant,25.0585470,121.5565785
6911108131,475,詩篇咖啡餐廳,restaurant,25.0375981,121.5165994
7175344648,442,信興自助餐,restaurant,25.0461734,121.5780002
3732214236,325,1Bite2Go,restaurant,25.0957408,121.5288813
5236222922,287,何記手工蒸餃,restaurant,25.1079227,121.5292685
4967959672,762,品田牧場,restaurant,24.9441312,121.3783425
4251917290,639,我行我素,restaurant,24.9803432,121.4088875
5240834061,475,佳香燒臘店,restaurant,25.0370016,121.5142240
4893038822,437,脆皮鮮奶甜甜圈,fast_food,25.0503171,121.5152246
3889229973,399,女王漢堡,fast_food,25.0682853,121.5232483
7175334740,441,萬里香熱炒,restaurant,25.0501465,121.5727637
5293433761,514,翁師傅私房牛肉麵,restaurant,25.0232972,121.5241942
2699632204,437,富宏牛肉麵,restaurant,25.0475900,121.5077079
3037218938,365,星巴克,cafe,25.0805052,121.5651469
3472548698,552,街角二號,restaurant,25.0072899,121.4596715
6781231886,365,12MINI,restaurant,25.0793077,121.5695302
6116344903,287,孫東寶,restaurant,25.1020746,121.5247677
5591399608,442,夢幻幾何休閒餐飲,restaurant,25.0448418,121.5815027
3716561194,353,牛肉麵,restaurant,25.0772933,121.3946315
7175344683,512,海鮮快炒阿財,restaurant,25.0194916,121.4951721
2543052354,640,梁社漢排骨,restaurant,24.9803593,121.4177696
4928425261,439,嗨蝦蝦三杯醉蝦場鍋,restaurant,25.0517558,121.5356523
6033407600,361,八方雲集,restaurant,25.0718051,121.5159783
6471488994,365,新爺煲仔飯,restaurant,25.0826154,121.5666441
4865689921,402,屏東任家涼麵,restaurant,25.0613256,121.5657648
3455846916,478,Paul,restaurant,25.0383901,121.5497283
7194706938,190,可米可小西餐坊,restaurant,25.1378315,121.5452499
7175344719,367,小南門豆花,restaurant,25.0722148,121.5936187
3417501599,598,喜登活力早餐屋,fast_food,24.9956001,121.4980252
3044962333,211,藍屋義大利麵,restaurant,25.1361313,121.4621994
2084130006,444,好康南洋咖哩,restaurant,25.0549985,121.6143403
1973476984,476,米蘭意廚,restaurant,25.0418270,121.5316511
7170236088,187,巧果蔬食餐坊,restaurant,25.1453422,121.4931204
2216495492,555,咖啡因鮮豆烘焙坊,cafe,25.0028847,121.5129885
3042667237,138,藍波1池上飯包,restaurant,25.1710510,121.4418465
5257642642,477,大戶屋,restaurant,25.0336404,121.5438160
7138715822,216,父子廚房,restaurant,25.1367261,121.5465112
6170105860,687,Amo Cafe,cafe,24.9645572,121.4384106
6245963180,467,MQ元氣house,restaurant,25.0394465,121.3900848
2912291201,138,炭錢胡椒餅,restaurant,25.1712987,121.4389117
3464721402,598,布拉德施維根廚房,restaurant,24.9960934,121.5030451
7002886742,437,勝博殿,restaurant,25.0462177,121.5152935
3591717065,437,築空間,restaurant,25.0468501,121.5130850
4451132863,211,樓尚義式料理,restaurant,25.1359146,121.4613717
3390249072,437,王老先生火鍋店,restaurant,25.0458986,121.5039157
7194706752,482,3Q脆皮雞排,restaurant,25.0424839,121.6184346
5198337989,762,義把麵義式廚房,restaurant,24.9430504,121.3724831
7211425631,480,炒翻天點心坊,restaurant,25.0376224,121.5775979
6156191725,478,莫札特咖啡美食,cafe,25.0336902,121.5589839
5672072721,474,丸花豆倉,cafe,25.0388992,121.5026982
6530589885,642,中西式早餐,fast_food,24.9868450,121.4541790
3820884823,211,老湖南館,restaurant,25.1283623,121.4690215
5680772087,514,金門快炒,restaurant,25.0225668,121.5241231
7004220055,363,Pasta NO30,restaurant,25.0816732,121.5462635
5110245074,477,Subway,fast_food,25.0337521,121.5343506
3835344021,649,Naan&Pizza,restaurant,24.9803110,121.5557478
6633259641,517,寶島鐵板燒,restaurant,25.0271220,121.5671826
5110349508,366,江浙大佳園餐廳,restaurant,25.0813953,121.5900208
4578929091,762,好粥到平價清粥小菜,restaurant,24.9439733,121.3785994
4837986487,400,洪記豆漿大王,restaurant,25.0645127,121.5360174
4116017190,515,格芮潘義式創意廚房,restaurant,25.0238176,121.5429573
3668813928,514,帕帕義大麵,restaurant,25.0159264,121.5320157
3826769576,211,魯旦川鍋,restaurant,25.1351786,121.4711115
3859968442,216,大家中式早餐店,restaurant,25.1374251,121.5419405
6153674638,476,勺勺客陝西料理,restaurant,25.0420670,121.5265399
7004248047,364,22:02 火鍋。樂活,restaurant,25.0834774,121.5577907
6140337462,514,醉紅小酌,restaurant,25.0181266,121.5303192
5325584001,438,伍柒玖牛肉麵,restaurant,25.0550147,121.5259834
7194693225,482,JSP,restaurant,25.0347185,121.6142372
7211425775,442,小空間Brunch • 早午餐,restaurant,25.0464426,121.5875666
2597965506,476,大來小館永康旗艦店,restaurant,25.0330756,121.5301638
6654755473,476,皇族小火鍋,restaurant,25.0415621,121.5265453
6415774067,555,Yolo's Cafe,cafe,25.0120908,121.5183397
2320119243,214,吉野家,fast_food,25.1365278,121.5041802
4307554242,248,醬弄居酒屋,restaurant,25.1188663,121.5119186
843404001,2,來來活海鮮,restaurant,25.2949490,121.5339427
3612895494,478,貳食柒食堂,restaurant,25.0406281,121.5563443
5110489221,399,壽喜燒一丁,restaurant,25.0647427,121.5242037
4344542428,438,吳師大眾飯店,restaurant,25.0499897,121.5265833
7193346172,322,美而美,restaurant,25.0858945,121.4794332
2473232930,515,靚宅咖哩,restaurant,25.0245066,121.5428348
2252198799,32,老地方潮州肉圓,restaurant,25.2595175,121.5027388
3292774928,510,春野新派川菜,restaurant,25.0190581,121.4666203
7211522199,437,鍋貼爺爺,restaurant,25.0505521,121.5137996
4837986534,478,蝸牛義大利餐廳,restaurant,25.0300350,121.5506006
2913799586,116,爭鮮迴轉壽司,restaurant,25.1882240,121.4437253
3624471054,511,丹堤咖啡,cafe,25.0181436,121.4785756
5467994602,437,老山東牛肉家常麵店,restaurant,25.0434526,121.5057481
3603954085,640,賽德克巴萊,restaurant,24.9882387,121.4214203
6140337465,514,海賊食堂-飯麵小館,restaurant,25.0200145,121.5309012
3835325049,649,e-coffee,restaurant,24.9841948,121.5591806
6115565421,287,阿嬌檳榔,restaurant,25.1008172,121.5261184
5809052476,640,甘泉魚麵,restaurant,24.9851777,121.4270765
2514660931,214,豪記便當,restaurant,25.1299395,121.5051032
3157778765,601,Orange Tea,cafe,24.9928199,121.5416523
7211419049,404,錢嫂小吃,restaurant,25.0647781,121.5928841
3178548234,433,嘉家火雞肉飯,restaurant,25.0469879,121.4518915
3337457961,640,大伯母豆漿店,restaurant,24.9824643,121.4189843
3823837088,475,東北全麥子酸菜白肉鍋,restaurant,25.0318830,121.5043308
4486400989,400,初米咖啡,cafe,25.0603737,121.5423287
3133627742,325,LOUISA COFFEE,cafe,25.0946382,121.5237476
4198238523,438,李記食堂,restaurant,25.0514802,121.5303869
5551876521,477,天辣麻辣,restaurant,25.0308395,121.5433208
2218962060,516,六張犁饅頭店,restaurant,25.0241394,121.5557435
2933738401,138,溫州小品,restaurant,25.1716873,121.4381305
4837986368,477,貓咪先生的朋友,cafe,25.0410366,121.5465273
5564549094,455,鳳珠手工麵疙瘩,restaurant,25.0437451,121.7785380
7175334735,477,韓風館,restaurant,25.0313752,121.5461473
3979685204,555,Louisa Coffee,cafe,25.0081044,121.5138450
7175344715,187,曾記美食,restaurant,25.1411738,121.4894504
2928750801,139,博愛六號冰店,restaurant,25.1704968,121.4463999
3592589613,478,古拉爵,restaurant,25.0411508,121.5520059
3752985285,325,海友十全排骨,restaurant,25.0896954,121.5253199
3951653867,598,越南河粉,restaurant,24.9995820,121.4983509
2587937541,287,越南美食館,restaurant,25.1030115,121.5228351
4025622417,439,羅素咖啡,cafe,25.0541987,121.5346778
3181867692,476,可喜漢堡,restaurant,25.0298426,121.5293242
3723983307,515,舞豆咖啡,cafe,25.0267862,121.5436761
2643730301,353,藥燉排骨,restaurant,25.0810782,121.3886483
3232542069,368,賢爸廚房Pasta,restaurant,25.0709316,121.6089349
5935852134,364,Kirikan,restaurant,25.0798662,121.5519752
7368631812,397,滋味多健康素食,restaurant,25.0622554,121.4976141
6865327285,400,無名大腸麵線,fast_food,25.0655439,121.5381338
4464380390,648,八方雲集水餃,restaurant,24.9758478,121.5406955
6969436654,694,飯麵,restaurant,24.9680441,121.5405732
3476513432,598,素珍素食,restaurant,25.0018652,121.4988659
3328449244,597,筷子手,restaurant,24.9961155,121.4868455
7170215728,365,北平金宴餐廳,restaurant,25.0831195,121.5632469
2638283929,478,君悅排骨飯,restaurant,25.0307356,121.5614236
7002886738,437,虎次郎,restaurant,25.0459900,121.5154146
6207788273,649,芳鄰小吃坊,restaurant,24.9876767,121.5505850
7211419058,374,樂透牛排,restaurant,25.0816521,121.6964079
4838087677,437,淘客美式漢堡,restaurant,25.0464546,121.5175044
2310896580,366,89餐廳,restaurant,25.0823266,121.5792619
5189707088,479,肯德基,fast_food,25.0411198,121.5738199
2518367426,602,黑丸嫩仙草,restaurant,25.0000535,121.5533057
4082319375,400,小六生魚片動飯專賣店,restaurant,25.0594824,121.5340858
2784759535,551,蚵仔麵,restaurant,25.0058314,121.4542166
2441153354,437,巫祖胡椒餅,restaurant,25.0435598,121.5133453
4983985653,399,極鼎魚翅,restaurant,25.0578581,121.5247879
4152024789,553,築地樂樂町,restaurant,25.0056253,121.4756305
7132295107,438,Louisa Coffee,cafe,25.0557884,121.5233578
2396422146,471,三商巧福,restaurant,25.0353389,121.4493400
3424475243,598,哥基多桑,restaurant,24.9988291,121.4959088
6323106749,437,明德素食園,restaurant,25.0490022,121.5177222
4636379591,358,碶飽早午餐,restaurant,25.0791373,121.4649445
5420857031,440,稻禾烏龍麵,restaurant,25.0445010,121.5615570
5826793061,428,宥心,restaurant,25.0532565,121.3775584
7211425734,442,四海遊龍同德店,restaurant,25.0458543,121.5856318
4298941389,478,紅通通韓味鍋物,restaurant,25.0397117,121.5556145
6924533511,476,The Breakfast Shop,cafe,25.0360963,121.5272459
2618178032,353,網咖,cafe,25.0773536,121.3953217
2935765094,400,又丹新養生素食坊,restaurant,25.0606289,121.5338286
5110348807,439,旺來咖啡,cafe,25.0529157,121.5474333
4359025063,443,鬍鬚張魯肉飯,restaurant,25.0500605,121.5932258
4520207466,692,劉家沙茶魷魚羹,restaurant,24.9618096,121.5104067
4018209502,478,福來得咖啡,cafe,25.0334264,121.5589991
2124723298,439,伊通韓國料理特製麵食,restaurant,25.0508253,121.5348865
3444671439,552,懿品小珍,restaurant,25.0069383,121.4618614
2880238729,439,圓仔快炒,restaurant,25.0498596,121.5422250
3860728330,190,慈善專業便當,restaurant,25.1378094,121.5416769
4258260220,595,3Q手工粉條冰,cafe,24.9920063,121.4589803
7211425509,403,黑松熱炒,restaurant,25.0662682,121.5907070
5342423540,514,郭記牛肉麵,restaurant,25.0241370,121.5215490
5344609521,551,萬佳鄉,restaurant,25.0026045,121.4559860
2321487376,439,古佛素食,restaurant,25.0539243,121.5342685
3530737794,478,紐奧良餐廳,restaurant,25.0301675,121.5580772
4524863994,478,世田谷拉麵,restaurant,25.0399753,121.5539539
3337457973,640,嫻酥雞香雞排,restaurant,24.9837846,121.4184988
7211425513,480,雲林台子港,restaurant,25.0369794,121.5794200
4800455622,365,やよい軒,restaurant,25.0782724,121.5713994
6028851338,438,麵匠坐坊うどん,restaurant,25.0494116,121.5216739
4325693920,441,桃群客家餐館,restaurant,25.0433211,121.5629121
5114438857,506,得義洋洋義餐坊,restaurant,25.0232012,121.4128718
6279644185,439,MiaCucina,restaurant,25.0437154,121.5448010
4432068711,514,周記麵食,restaurant,25.0276028,121.5209467
5920304387,437,饗食天堂,restaurant,25.0491608,121.5173660
4384257960,476,Tino's Pizza Cafe,restaurant,25.0403134,121.5323455
4492620964,593,清田拉麵,restaurant,24.9969785,121.4208740
6180492012,599,馬修嚴選,restaurant,24.9990938,121.5112530
3465414831,599,寶神日式涮涮鍋,restaurant,24.9969133,121.5041178
7004093435,437,豪品時尚料理會館,restaurant,25.0498312,121.5125476
2935624100,394,真好味熱炒,restaurant,25.0644046,121.4594626
3323027098,593,大榮肉粥,restaurant,24.9910309,121.4256894
1994680391,596,江浙小館,restaurant,24.9945395,121.4666229
3440499383,554,川島快餐,restaurant,25.0034182,121.4960956
4344542442,248,溫州大混沌,restaurant,25.1199883,121.5115666
7194693227,145,一六一舖,restaurant,25.1672812,121.5404123
6542562822,514,MGM Pasta,restaurant,25.0164270,121.5320827
3044970033,211,尹賀日式料理,restaurant,25.1375181,121.4597942
6120710962,325,7號美髮,restaurant,25.0948504,121.5253487
5110245029,475,桃屋日本料理,restaurant,25.0303265,121.5171590
7175344645,476,犬犬家,restaurant,25.0312531,121.5272754
4044252559,139,巴黎香,cafe,25.1774794,121.4510208
3860736105,216,久久美食,restaurant,25.1372383,121.5414074
7130799921,401,究醬手作,restaurant,25.0581125,121.5547613
5563238221,595,貴族世家,restaurant,24.9955182,121.4582665
4430791894,365,德朗,restaurant,25.0751553,121.5763498
7213007971,515,滇味小廚,restaurant,25.0227841,121.5427780
4834803715,557,漫果子桌遊主題餐廳,restaurant,25.0122752,121.5352238
3860789075,593,好味水餃牛肉麵,restaurant,24.9914578,121.4230567
4340640791,366,享樂咖啡,cafe,25.0747279,121.5779541
7175344755,442,元味碳烤,restaurant,25.0458990,121.5775770
7211425763,480,香雞排鹽酥雞串烤,restaurant,25.0386896,121.5794222
4524863742,400,廣東粥,restaurant,25.0597682,121.5391067
2756655316,437,妙緣素食館,restaurant,25.0464424,121.5141024
4563725890,438,京鼎樓,restaurant,25.0550155,121.5261007
5342451422,437,龍緣號,restaurant,25.0545145,121.5144694
4440681389,398,阿婆饭团,cafe,25.0572354,121.5155495
7175344658,513,香雞排,restaurant,25.0251475,121.5129339
5303090397,478,圓桌,restaurant,25.0346354,121.5572544
2209949976,694,摩斯漢堡,fast_food,24.9680440,121.5413136
5126369649,941,太子西餐,restaurant,24.8721868,121.4076722
4838086704,399,天外天精緻火鍋,restaurant,25.0629032,121.5253997
7194693239,444,海角47號旗艦店,restaurant,25.0539217,121.6166035
2616033375,330,Pizza Hut,restaurant,25.0848724,121.5938034
2526205026,649,池上皇餉便當,restaurant,24.9874639,121.5508101
4969864553,507,九賀甲拉麵定食屋,restaurant,25.0231282,121.4249787
6090456273,325,大鵰燒,restaurant,25.0883476,121.5240579
4164587890,438,雙滿龍拉麵,restaurant,25.0516410,121.5254608
6149863585,478,元禾食堂,restaurant,25.0402738,121.5511248
4335016698,475,加州風洋食館,restaurant,25.0427497,121.5139662
3300351048,438,肥前屋,restaurant,25.0511176,121.5238430
7194693237,697,阿嬤ㄟ憨吉,restaurant,24.9674696,121.5876492
5842743660,515,22 Café,cafe,25.0259136,121.5469534
5336130021,133,彼瑞佳,cafe,25.1909882,121.6832836
3707345719,287,紅霸天碳燒薑母鴨,restaurant,25.1035188,121.5201953
7194693283,603,阿卿麵線,restaurant,24.9932945,121.5739999
5255072024,287,美吉寶,restaurant,25.1076644,121.5279531
6968628685,694,麥町吐司工坊,restaurant,24.9731713,121.5410276
7194706794,482,舊莊豆漿早餐店,restaurant,25.0392496,121.6216850
2643354068,353,好記燒臘,restaurant,25.0790035,121.3904925
3955465464,440,123烤狀元,restaurant,25.0530956,121.5608830
3751492198,405,阿助牛肉麵,restaurant,25.0683534,121.6152325
2755478367,438,老黃牛肉麵,restaurant,25.0434734,121.5249026
2473808471,514,右手餐廳新泰式定食,restaurant,25.0162515,121.5324629
2756599331,443,連成素食店,restaurant,25.0498758,121.5943102
3727033935,478,蘿蔔蹲小館,restaurant,25.0307926,121.5592711
7194693233,216,學生餐廳,restaurant,25.1356549,121.5381930
2348919653,400,沏茶園台北遼寧店,cafe,25.0570246,121.5420971
2460010000,601,肉多多火鍋,restaurant,24.9917165,121.5411070
2595510397,516,福賓川湘管,restaurant,25.0220450,121.5547711
7194707002,399,章魚太郎咖哩屋,restaurant,25.0683304,121.5224776
5098125121,478,雨日菓物 Amenohi_cafe,cafe,25.0323384,121.5606356
2799088225,433,摩斯漢堡,fast_food,25.0448171,121.4525001
3188336785,650,錦祥小館,restaurant,24.9884249,121.5651280
2579109180,439,台北泰,restaurant,25.0480749,121.5422434
2310685015,437,麥當勞,fast_food,25.0458128,121.5148980
6174028877,470,八哥正宗重慶酸辣粉,restaurant,25.0310851,121.4342011
4101264094,439,le park cafe,cafe,25.0538374,121.5420217
3465414828,599,八方雲集,restaurant,24.9970053,121.5042156
3045739870,440,紹香涮涮鍋,restaurant,25.0504537,121.5626231
7125413183,721,臻福憶川燒牛肉麵,restaurant,24.9528489,121.3517458
2706489324,301,一口酥餅鋪,fast_food,25.1083199,121.8055940
2935625602,395,雞滷飯,restaurant,25.0661706,121.4601150
5388380477,439,大和家拉麵,restaurant,25.0446476,121.5443611
7004093431,437,荷雅精緻美食,restaurant,25.0496887,121.5129984
4801327621,365,十里安,restaurant,25.0784726,121.5713675
7242261473,366,鍋博士臭臭鍋,restaurant,25.0777764,121.5778982
7211419069,374,郎家牛肉麵,restaurant,25.0817011,121.6986690
5828566282,439,天鮮手作沙拉,restaurant,25.0510288,121.5352195
4301004793,439,創義麵,restaurant,25.0434583,121.5464628
5551928250,515,丹堤咖啡,cafe,25.0254947,121.5436770
4205229673,439,海餃七號,restaurant,25.0559920,121.5458030
5564549098,455,鄉緣素食,restaurant,25.0431134,121.7770946
2676878121,477,山西刀削麵,restaurant,25.0427281,121.5477210
4031296828,439,咰賞風尚鐵板燒,restaurant,25.0531779,121.5454679
5110491049,399,長青餃子館,restaurant,25.0637674,121.5229383
5189696121,249,君悅排骨,restaurant,25.1180445,121.5261834
7194706831,325,活悅JuiceMeal素食餐廳,restaurant,25.0929572,121.5267688
6579380126,399,食客,fast_food,25.0570638,121.5272491
7211419065,479,緯大雞排,restaurant,25.0388290,121.5771866
7193346184,322,八方雲集,restaurant,25.0867350,121.4754327
2180952635,138,淡水可口魚丸,restaurant,25.1708837,121.4390240
3192047696,514,米尼司早餐吧,restaurant,25.0224019,121.5240679
6553170175,362,大埔鐵板燒,restaurant,25.0705599,121.5187005
4360380443,515,邦食堂,restaurant,25.0229358,121.5425523
1735966199,514,怡客咖啡,cafe,25.0293023,121.5187691
3044968133,211,台南東山鴨頭,restaurant,25.1368208,121.4607625
3341995426,640,熱炒重口味,restaurant,24.9820533,121.4196823
5954566285,437,乾杯列車,restaurant,25.0481404,121.5171443
6022176322,325,直火人燒肉丼飯屋,restaurant,25.0896513,121.5267031
5556070110,439,勝利號蚵仔煎,restaurant,25.0492673,121.5420684
4149564855,556,柳橙檸檬,cafe,25.0155976,121.5324868
7368631833,397,普羅鐵板燒,restaurant,25.0642037,121.4993703
4150975190,478,怡客咖啡,cafe,25.0374117,121.5545476
6462425088,441,戴記獨臭豆腐,restaurant,25.0453144,121.5703384
3670390144,478,黃 Oppa,restaurant,25.0426745,121.5546843
5906009896,388,雞排老爹,restaurant,25.0687272,121.3656474
3510640174,28,洋荳子咖啡館,cafe,25.2635134,121.6308336
3925590858,363,打餅鋪,restaurant,25.0832497,121.5464240
1941188729,363,台灣鹽酥雞創始總店,fast_food,25.0797430,121.5468640
4524863974,477,丹提咖啡,cafe,25.0371334,121.5438714
4360384149,439,Bagel Bagel Cafe,restaurant,25.0522431,121.5342383
1837919028,328,陽光廚房蔬食,restaurant,25.0839106,121.5679051
7194706728,288,熱浪島南洋蔬食茶堂,restaurant,25.0973760,121.5443515
6140337470,514,川西堂,restaurant,25.0200121,121.5316629
3953673676,440,陳家涼麵,restaurant,25.0527472,121.5608078
4837986519,439,慶城台式自助餐,restaurant,25.0527521,121.5466103
6112308588,362,草原風蒙古火鍋,restaurant,25.0835892,121.5228266
4325693465,438,嘉義火雞肉飯,restaurant,25.0435850,121.5315218
3337457979,640,快炒小吃部,restaurant,24.9826842,121.4163676
4329769537,287,金山客家小館,restaurant,25.1025420,121.5222291
7004130376,437,素食牛舌餅,restaurant,25.0455432,121.5148830
7194693256,444,阿春鵝肉,restaurant,25.0474804,121.6157405
2410161255,516,一壽養庵,restaurant,25.0269978,121.5562744
4018210620,478,菁致川湘小館,restaurant,25.0344650,121.5598895
3925604457,363,Hot Coffee,restaurant,25.0832116,121.5464249
3909253546,640,阿惠小吃,restaurant,24.9788438,121.4188116
5344605622,595,京湘園小館,restaurant,25.0022796,121.4553147
3090172252,439,蘭姥姥小吃,restaurant,25.0526178,121.5343444
4258240368,553,米哥烘焙坊,restaurant,25.0064683,121.4747010
7194693267,651,政大關東煮-秀食屋,restaurant,24.9868373,121.5786114
3270313762,476,一品山西刀削麵之家,restaurant,25.0316651,121.5294981
3722675322,359,iQueen,restaurant,25.0806172,121.4806597
3379237111,479,Belini Pasta Pasta1,restaurant,25.0356229,121.5670365
7282069387,438,全球炸雞排骨飯,fast_food,25.0553201,121.5266586
5236287230,287,囍越 越式美食,restaurant,25.1079968,121.5289357
4771231228,477,香港廣東粥,restaurant,25.0371619,121.5468712
2755629541,438,九寨川味精緻麵食館,restaurant,25.0441038,121.5214540
6695580314,471,欣味屋日式料理,restaurant,25.0329126,121.4497241
6199080667,287,晁日早餐,restaurant,25.1015985,121.5219197
3412154993,601,泰珍寶,restaurant,24.9928879,121.5435788
2993747322,115,囍燒新概念壽喜燒,restaurant,25.1806420,121.4208143
6418121450,514,Firewood Café,cafe,25.0250603,121.5223596
7175344556,515,金霸臭臭鍋,restaurant,25.0284358,121.5462521
2784761956,551,摩樂斯Mornos,restaurant,25.0105750,121.4498460
3939158001,516,北平同慶樓,restaurant,25.0241561,121.5483528
2625503722,363,胖哥雞排,restaurant,25.0796801,121.5457590
5709118736,388,巧合珍牛肉麵,restaurant,25.0593818,121.3690231
7170215727,327,鐵道便當,restaurant,25.0844800,121.5615951
7211425696,374,百福臭豆腐,restaurant,25.0817241,121.6967589
3541201094,399,漢堡王中山店,fast_food,25.0650569,121.5220143
2643644713,353,名香控肉飯,restaurant,25.0780834,121.3962094
3522835193,557,韓食村,restaurant,25.0039680,121.5384193
5714151517,437,くら寿司,restaurant,25.0456099,121.5146920
4963866776,470,名廚鐵板燒,restaurant,25.0320661,121.4338562
3612509709,399,上頂自助餐,restaurant,25.0618644,121.5316663
7211419072,404,鄰家餐廚咖啡,restaurant,25.0669922,121.5998116
3503443014,601,松竹屋平價日式食堂,restaurant,25.0020145,121.5378348
7277460643,441,司機俱樂部滷肉飯,restaurant,25.0514479,121.5698844
3098546864,330,碳烤牛排,restaurant,25.0844736,121.5956768
2958194738,138,e Coffee,cafe,25.1687052,121.4439179
2790771550,601,榮記點心,restaurant,24.9925210,121.5413723
4142798399,648,香港亨記粉麵粥飯,restaurant,24.9805770,121.5446940
3837459792,640,漢林漢堡專賣店,restaurant,24.9786071,121.4198181
4685630003,556,重順川菜餐廳,restaurant,25.0156022,121.5326165
4409721053,557,大易園,restaurant,25.0052277,121.5357546
4172945291,476,度小月,restaurant,25.0328855,121.5298886
6183794945,517,全國食養健康素食,restaurant,25.0270601,121.5637703
2470166426,648,四海豆漿,restaurant,24.9844503,121.5412639
6542562821,514,小攤,restaurant,25.0161159,121.5322758
4160651808,398,牛老大涮牛肉-承德店,restaurant,25.0660253,121.5181465
6226945430,439,Coffee.Z,cafe,25.0509814,121.5437852
3940358065,552,Osteria Vecchia Roma,restaurant,25.0050715,121.4616170
5274522821,514,活力飯,fast_food,25.0246072,121.5287019
6188996224,397,弘爺漢堡,restaurant,25.0646825,121.5021817
3198273564,474,霸味薑母鴨,restaurant,25.0327172,121.5003871
5599657102,438,星巴克,cafe,25.0539380,121.5259814
3046927847,438,Magie du levain,cafe,25.0483147,121.5327220
2558222166,514,Louisa 飲料店,cafe,25.0217749,121.5280404
3007181098,437,洪師父牛肉麵,restaurant,25.0433416,121.5075115
3035134111,214,肯德基,fast_food,25.1365858,121.5041955
5505377661,601,鮑珍腳,restaurant,25.0002527,121.5398769
2653879920,476,Rice Cafe杓文字,restaurant,25.0320019,121.5292121
4837986361,478,Street Churros,restaurant,25.0403162,121.5564315
6499715188,479,韓斤麻浦,restaurant,25.0404182,121.5669997
7169581030,440,小吉咖哩,restaurant,25.0472356,121.5550558
7212236782,437,中一素食園,restaurant,25.0447849,121.5165379
5509010397,301,大家樂牛排,restaurant,25.1071030,121.8058999
6180428006,371,水餃店,restaurant,25.0733707,121.6514737
4341360899,365,醜小鴨,cafe,25.0762365,121.5758906
2912299801,138,Tasty 西堤牛排,restaurant,25.1693978,121.4418127
4406426888,599,安平小館,restaurant,24.9951875,121.5100397
7213789584,479,老乾杯,restaurant,25.0369217,121.5666534
7211425778,480,大鮮活海鮮,restaurant,25.0395420,121.5793446
2083458281,444,水廣川精緻蔬餐廳,restaurant,25.0449548,121.6158505
3740826514,725,三重赤肉焿,restaurant,24.9602914,121.4044500
7211425514,480,雅加達早餐店,restaurant,25.0361017,121.5787216
3151325299,556,發福廚房公館店,restaurant,25.0150493,121.5325276
2917259410,399,YOGSS廚坊,restaurant,25.0575334,121.5243239
4360112903,365,AJIYA 味屋,restaurant,25.0790947,121.5731160
7213007944,515,上鼎豐小籠湯包,restaurant,25.0263361,121.5392174
6024254205,397,北港躼腳羊肉店,restaurant,25.0698036,121.4979290
5286876071,602,一芝軒,restaurant,25.0004435,121.5558989
4018209510,478,Rebel Burger,restaurant,25.0355706,121.5572770
4430883492,400,抹绿,cafe,25.0583328,121.5467568
3440912989,598,中國城粵菜餐廳,restaurant,25.0011937,121.5004147
4245896138,438,中華拉麵,restaurant,25.0438028,121.5323443
2526182359,649,手工麵坊,restaurant,24.9874159,121.5505814
7211425585,403,香津園,restaurant,25.0675063,121.5864198
2730242990,478,穗科手打烏龍麵,restaurant,25.0399967,121.5534569
7170215769,442,羊肉羹店,restaurant,25.0510279,121.5810488
6438554469,394,八方雲集,restaurant,25.0644351,121.4568339
2518367465,437,一鍋一燒,restaurant,25.0441040,121.5161402
4200643960,602,高三孝碳烤吐司專賣店,restaurant,25.0002436,121.5554102
5643534921,398,阿川,fast_food,25.0569911,121.5163707
5591399620,442,必勝客,restaurant,25.0451548,121.5814458
7004093436,437,焗工房,restaurant,25.0498914,121.5123601
6527896685,642,爭鮮,restaurant,24.9857051,121.4527148
4609687389,363,臺灣鹽酥雞創始總店,fast_food,25.0797714,121.5466252
2170903944,366,古早麵,restaurant,25.0803851,121.5791469
6024267590,185,大呼過癮臭臭鍋竹圍店,restaurant,25.1378236,121.4615409
2440534751,474,龍口蚵仔綿麵線,restaurant,25.0360719,121.5007210
4524863597,441,永和豆漿,restaurant,25.0501840,121.5764566
5551873823,477,桔梗三明治,restaurant,25.0329621,121.5409252
1281663097,400,邊田庄,restaurant,25.0596020,121.5373426
2410161250,516,家饌牛肉麵水餃,restaurant,25.0269131,121.5563623
5110490290,399,福州姑嫂麵店,restaurant,25.0573700,121.5322791
3305127261,439,義大利米蘭手工窯烤披薩,restaurant,25.0536910,121.5334803
5110348733,440,老三新埔板條,restaurant,25.0473935,121.5593575
3158793961,399,353釣蝦場,restaurant,25.0569498,121.5263689
3835345485,650,11便當,restaurant,24.9837986,121.5663822
5293223779,514,晉江茶堂,restaurant,25.0262846,121.5211123
1411751314,596,太師傅便當,restaurant,24.9960355,121.4620471
4782154746,324,LOUISA COFFEE,cafe,25.0863985,121.5094007
3682855094,510,海釣族,restaurant,25.0263417,121.4701446
3523782369,598,川味麵食,restaurant,24.9940967,121.5032490
5980548843,211,滿瀚鵝肉拉麵,restaurant,25.1256699,121.4696699
2124843060,438,漢堡王,fast_food,25.0544556,121.5253363
5201862540,325,BREMEN 不萊梅義大利麵,restaurant,25.0971109,121.5241670
3938949098,440,好樣情事,cafe,25.0445009,121.5614172
4362021797,761,三峽廟口蚵仔煎,restaurant,24.9375535,121.3701815
3938949102,556,香港亨記粉麵粥飯,restaurant,25.0156088,121.5319800
3104845927,648,1010湘,restaurant,24.9834820,121.5370096
7194706871,361,正一堂養生膳食坊,restaurant,25.0728364,121.5142018
5110348681,440,卡樂親子蔬食餐廳,restaurant,25.0494857,121.5527104
7194706919,364,奇岩一號,restaurant,25.0806092,121.5595084
7004220053,363,內行人鹽酥雞,restaurant,25.0815991,121.5462716
6176758338,694,甘泉魚麵,restaurant,24.9749869,121.5363850
7365964032,397,豪美精緻自助餐,restaurant,25.0663519,121.4985156
4302045689,408,麥當勞,fast_food,25.0655920,121.6541651
3819937637,648,金瑪莉,restaurant,24.9868991,121.5476030
2643672640,353,頂湯涮涮鍋,restaurant,25.0779412,121.3894200
4198238512,438,傳承幸福連鎖日式餐飲,restaurant,25.0512541,121.5314210
3844078809,761,帝一嶺餐廳,restaurant,24.9394101,121.3709166
7192621279,322,健康早餐,restaurant,25.0852306,121.4781291
4050767776,402,龍美園精緻川味海鮮料理,restaurant,25.0574909,121.5636738
5211474922,249,來記豆漿,restaurant,25.1120048,121.5275017
7077965351,721,滋味嘉羊肉麵,restaurant,24.9501758,121.3446352
4820634501,561,小貓咪早餐店,restaurant,25.0024025,121.6040869
4340727654,400,星巴克,cafe,25.0621411,121.5405717
7138715774,213,鹿港麵線糊,restaurant,25.1368993,121.4992635
7194706828,601,胖子炒飯,restaurant,25.0007358,121.5368591
4114512904,514,阿諾碟子,restaurant,25.0247227,121.5286750
2179732704,400,金仙魚丸店,restaurant,25.0656162,121.5395678
2526186868,649,早餐店,restaurant,24.9879156,121.5520770
7095334648,477,人从众厚切牛排,restaurant,25.0427796,121.5463266
7169581013,440,阿成川味涼麵,restaurant,25.0488772,121.5564419
3347627771,640,德記涼麵,restaurant,24.9811822,121.4194366
7169581041,440,水餃芳,restaurant,25.0533423,121.5537996
5114930867,475,豆漿,restaurant,25.0320875,121.5146537
5492422203,139,牛狀元牛排,restaurant,25.1770970,121.4477501
3416180937,598,中和咖啡樹咖啡館,cafe,24.9995825,121.4972297
1832923214,365,星巴克,cafe,25.0823274,121.5670778
3617788284,475,無名黑鐵咖啡,cafe,25.0323472,121.5068942
6533639986,479,撈王,restaurant,25.0352475,121.5660265
7311102099,475,奇岳,restaurant,25.0319483,121.5157056
2616981256,732,拿坡里披薩,fast_food,24.9605683,121.5117824
4853100766,400,寶島味牛肉麵,restaurant,25.0647978,121.5341034
6323106727,478,寶艾西餐廳,restaurant,25.0353938,121.5622884
6024237303,600,三商巧福,restaurant,24.9964791,121.5213733
5810641792,325,清粥小菜,restaurant,25.0919535,121.5274385
5198338005,762,肯德基北大店,fast_food,24.9447336,121.3739727
6242158923,602,福美阿姨的店,restaurant,24.9997108,121.5553898
5571196676,442,珍珍牛肉麵,restaurant,25.0435928,121.5810282
5564549026,444,小南港-懶人私廚,restaurant,25.0549966,121.6151807
4360388416,477,點心菊吉小廚,restaurant,25.0417916,121.5459051
3826874910,694,星巴客,cafe,24.9736490,121.5383981
5286867835,602,85度C,cafe,24.9987396,121.5583776
4298940677,478,星巴克,cafe,25.0382769,121.5554392
7211419035,336,懷恩月子餐,restaurant,25.0851996,121.6946736
5236371621,287,林姐豆花,restaurant,25.1082820,121.5284145
5477524780,439,如是山房,restaurant,25.0491723,121.5345946
3834508459,443,後壁牛牛肉麵館,restaurant,25.0554791,121.6059880
2170336299,365,摩斯漢堡,fast_food,25.0803923,121.5748027
5556123407,475,戲台茶館,restaurant,25.0351331,121.5178766
4572867289,650,滷肉飯,restaurant,24.9831821,121.5667175
6681670045,301,葵牛岩,restaurant,25.1078891,121.8067992
5151659852,388,傻師父湯包,restaurant,25.0586046,121.3679699
2822583089,366,拉亞漢堡,fast_food,25.0828624,121.5915416
7175344537,405,胡子與麵,restaurant,25.0687465,121.6166896
2473232933,515,山西刀削麵,restaurant,25.0245953,121.5428281
3699875581,444,北雲餐廳,restaurant,25.0451323,121.6157456
7213789580,479,Muchoyaki 教父牛排,restaurant,25.0366975,121.5669099
2233297927,439,正宗廣東燒臘,restaurant,25.0502781,121.5425093
7213752462,443,瓦城,restaurant,25.0525074,121.6045815
7194706995,145,頂湖山農園,restaurant,25.1737867,121.5404726
6186304791,687,韋美咖啡,cafe,24.9651359,121.4318123
3323032695,601,偵軒精緻日式小火鍋,restaurant,24.9994863,121.5395595
5110489757,399,小林海產店,restaurant,25.0617856,121.5249213
2134041106,438,摩斯漢堡,fast_food,25.0527308,121.5228259
5110348536,442,五分埔生魚片,restaurant,25.0458060,121.5808739
4384257956,514,Mary Jane's Pizza,restaurant,25.0225120,121.5277921
6024282269,510,三顧茅廬,restaurant,25.0216844,121.4668270
7365923872,397,文化素羹麵,restaurant,25.0647215,121.4991880
4314508101,593,呷冰ㄟ店,restaurant,24.9919533,121.4211639
4820442013,471,搖滾批薩PIZZA ROCK,restaurant,25.0414402,121.4457348
4426051759,396,豪美精緻全自助餐,restaurant,25.0682000,121.4866282
4510193157,249,茉莉漢堡,restaurant,25.1199433,121.5292495
4423130978,397,神戶牛排館,restaurant,25.0677027,121.4964678
5219051421,249,10吋薄脆披薩,fast_food,25.1135713,121.5271180
3208685086,555,王媽媽小吃,restaurant,25.0148954,121.5122808
3928187593,640,大腸麵線肉羹肉圓,restaurant,24.9783443,121.4160666
4018205778,478,西雅圖咖啡,cafe,25.0380421,121.5573253
2917693023,515,四面八方水餃店,restaurant,25.0226168,121.5426344
2025959763,476,正宗香港鴻運港式燒臘,restaurant,25.0369918,121.5322694
7194706746,482,鍋大娘小火鍋,restaurant,25.0418952,121.6177323
7175334781,515,滿樂鐵板吐司,restaurant,25.0281649,121.5465979
4070047129,601,兩兄弟臭豆腐,restaurant,24.9901071,121.5413332
2426176904,476,鼎泰豐,restaurant,25.0335186,121.5301015
4836631397,476,徐羅伐韓國料理,restaurant,25.0313790,121.5292582
5948089189,365,海壽司,restaurant,25.0782899,121.5687572
5562880395,474,惠安四神湯店,restaurant,25.0416589,121.5019139
6323106747,437,廣安階,restaurant,25.0489476,121.5180252
3661070225,249,星巴克振興門市,cafe,25.1176987,121.5224067
6434859442,552,Louisa Coffee,cafe,25.0117078,121.4687125
4820442549,471,呷喀滷味,restaurant,25.0375661,121.4499141
2722699061,552,瓦城泰國料理,restaurant,25.0138154,121.4608489
6433456343,437,永久號,restaurant,25.0549072,121.5113487
7175344638,476,禾欣素食,restaurant,25.0313383,121.5273271
7217108222,648,大心,restaurant,24.9762697,121.5463454
5261408527,325,新豐平價自助火鍋,restaurant,25.0871910,121.5257081
2179745337,400,85度C,cafe,25.0660660,121.5408705
7211425686,374,初飽食堂,restaurant,25.0828919,121.6960503
7153752237,439,橋下酒場,restaurant,25.0443003,121.5408818
6499848176,398,福州料理,restaurant,25.0585616,121.5113760
7115863474,469,八方雲集,restaurant,25.0328990,121.4219425
5779562123,325,福勝亭,restaurant,25.0947069,121.5248246
7130802005,401,敦厚堂會館,restaurant,25.0621974,121.5485807
3232530861,368,大久食堂,restaurant,25.0717714,121.6070054
3664676104,515,人性空間,cafe,25.0201607,121.5332953
4143947790,648,阿舍麵館,restaurant,24.9791539,121.5426512
6909123832,476,奧地利小麵包兒,restaurant,25.0311300,121.5294421
6354698705,439,路易莎,cafe,25.0453330,121.5436417
2790771436,601,孫東寶台式平價牛排,restaurant,24.9926497,121.5413594
6497915085,437,Dumpling bun,restaurant,25.0452859,121.5141623
3887820755,438,漉海鮮蒸氣鍋,restaurant,25.0496727,121.5326670
7169581012,440,高家山東餃子,restaurant,25.0488032,121.5570766
7092822480,439,Fu Cafe,cafe,25.0526173,121.5340266
2543064385,593,四海遊龍,restaurant,24.9907750,121.4228801
7368540682,397,牛井,restaurant,25.0687627,121.4988995
5924195117,601,美而美,restaurant,25.0010223,121.5426466
3149779788,471,嘉義火雞肉飯,restaurant,25.0335131,121.4501893
2896620517,433,85C,cafe,25.0486833,121.4472479
2572568038,437,三商巧福,restaurant,25.0434710,121.5074325
3579686693,482,四海遊龍,restaurant,25.0391846,121.6216437
7216240737,479,大心,restaurant,25.0344876,121.5664243
3439380034,554,香鄉早餐店,fast_food,25.0025042,121.4964814
1081855284,477,濟南路水煎包,restaurant,25.0403018,121.5333202
3044964234,211,寮國咖啡,cafe,25.1363588,121.4615429
7235632166,437,原味德里,restaurant,25.0477358,121.5178043
2193843128,439,Pasta West east,restaurant,25.0535649,121.5456040
2822549363,366,福來伯魚丸店,restaurant,25.0821519,121.5911165
6028697347,593,合緣素,restaurant,24.9935503,121.4276045
2481944775,439,老爺小花園,restaurant,25.0502967,121.5352405
3835377572,650,康迪麥早餐店(木新二店),restaurant,24.9836440,121.5680366
6981277723,646,謙益豐蔬食,restaurant,24.9875666,121.5113157
2755478335,476,藍香,restaurant,25.0398186,121.5223623
3881721636,694,陶然日式小火鍋,restaurant,24.9745346,121.5422707
7169581040,440,胖老爹美式炸雞,restaurant,25.0533130,121.5535639
2643354072,353,蒸宴小籠包,restaurant,25.0789077,121.3907702
4450921880,658,雅田居,restaurant,24.9819580,121.6911971
4598380383,432,貓咪不吃魚蔬食簡餐咖啡,restaurant,25.0503349,121.4442919
3738533126,398,明峰摃丸,fast_food,25.0617607,121.5091524
4325693889,556,12巷拉麵,restaurant,25.0156461,121.5327386
5930516383,507,大拇指海鮮餐廳,restaurant,25.0272327,121.4295821
4820442557,471,錢賀涮涮鍋,restaurant,25.0414768,121.4459183
6876041262,602,麥味登,restaurant,25.0009141,121.5496619
3377063672,515,Vitalita義式廚房,restaurant,25.0267209,121.5417431
3826769577,211,爐鍋咖啡,cafe,25.1334611,121.4713120
4417637946,557,新四海豆漿,restaurant,25.0074432,121.5377264
7211425607,480,施家麻油腰花,restaurant,25.0377456,121.5780154
3040338634,138,新菜樓小吃店,restaurant,25.1687945,121.4437536
2320552428,734,妙心蔬食館,restaurant,24.9565087,121.5341610
4601936395,437,真川味,restaurant,25.0436727,121.5046136
3104133998,439,伊藤之右衛門,restaurant,25.0528304,121.5339502
4269582542,439,凱薩西餐牛排,restaurant,25.0480886,121.5427012
2964007348,516,hot7 新鐵板料理 台北基隆路店,restaurant,25.0265154,121.5546844
3811140843,601,福隆便當,restaurant,24.9962356,121.5413124
5551870926,514,小銅板牛排,restaurant,25.0237687,121.5251754
7235632176,437,韓鶴亭,restaurant,25.0477731,121.5178113
3408985893,694,劉漣麵,restaurant,24.9622244,121.5396860
4178565998,799,八方雲集,restaurant,24.9275838,121.3754101
5875366015,475,正宗溫州大餛飩,restaurant,25.0422833,121.5058869
2638374591,511,85度C,cafe,25.0266773,121.4765812
4031296844,439,怡客咖啡,cafe,25.0555931,121.5443659
2395778681,471,雞行,fast_food,25.0337330,121.4494976
7194706937,606,柚香園,restaurant,24.9982636,121.6130232
2572568025,475,繼光香香雞,restaurant,25.0429036,121.5076019
5937238264,477,溫州大餛飩,restaurant,25.0426381,121.5435357
3004480399,516,漢堡王,fast_food,25.0243896,121.5483490
6120910446,325,拉亞漢堡 北市士商店,restaurant,25.0920825,121.5187491
4524863966,478,演樂屋,restaurant,25.0332371,121.5572516
7213007949,515,吉富早餐,restaurant,25.0260420,121.5390873
3708864438,394,晶冠食堂,restaurant,25.0639794,121.4588398
7130802010,401,皇品餐廳,restaurant,25.0582970,121.5502948
3201621179,514,牙買加倉庫,restaurant,25.0241951,121.5296806
5505377644,557,愛上愛莉早餐,restaurant,25.0024065,121.5390170
2470166878,556,泰味鮮泰式主題餐廳,restaurant,25.0155342,121.5326452
6634447986,438,李製餅家,cafe,25.0519002,121.5252419
4524863827,364,丹提咖啡,cafe,25.0809227,121.5482773
4384259213,601,銅板美食涼麵王,restaurant,24.9912885,121.5425617
4082319368,400,雀客飲,cafe,25.0594953,121.5334293
4254654855,515,巧味快餐,restaurant,25.0230406,121.5429403
5088639922,405,sushi,restaurant,25.0684937,121.6164219
7194706958,216,娃子複合式餐飲,restaurant,25.1356750,121.5381064
4155510489,513,老建中麵店,restaurant,25.0290057,121.5144134
3743063132,515,米食韓國餐廳,cafe,25.0269465,121.5396990
4149564838,514,擱再來,restaurant,25.0165453,121.5306443
5205926035,249,青柳家,fast_food,25.1182947,121.5289263
2560204368,734,99咖啡館,cafe,24.9587749,121.5373587
5645321596,388,姊妹發傳統美食,restaurant,25.0597513,121.3689064
2193828907,514,古拉爵,restaurant,25.0236976,121.5252449
7004212091,477,Power Sandwich,restaurant,25.0400775,121.5372811
3044948575,477,雨‧一人,cafe,25.0360658,121.5357207
4820442562,471,碳燒薑母鴨,restaurant,25.0388222,121.4478325
7175344773,476,一之軒信義店,restaurant,25.0333877,121.5315555
4786074682,478,Cozzi Café仁愛店,cafe,25.0371868,121.5538360
2908648158,138,鳥窩窩私房菜,restaurant,25.1692109,121.4448226
7004220054,363,將軍食堂,restaurant,25.0816429,121.5462676
7211425755,479,巨人新鐵板燒料理,restaurant,25.0357574,121.5773081
3887820868,438,蚵仔之家,restaurant,25.0478513,121.5327260
5129878329,433,炒翻天,restaurant,25.0525605,121.4545113
6917501387,437,建宏牛肉麵,restaurant,25.0474502,121.5082378
5141154647,369,美玉美早餐店,restaurant,25.0706772,121.6295240
5109347810,514,辛亥池上便當,restaurant,25.0196002,121.5301263
5551929262,557,鍋in百元風味火鍋,restaurant,25.0122975,121.5353030
4810839423,213,達美樂,fast_food,25.1331021,121.5010684
3408985593,694,淨光素食館,restaurant,24.9626568,121.5397245
2178510631,478,周董燒肉飯,restaurant,25.0319506,121.5593103
7282081089,606,金大鼎香豆腐,fast_food,25.0013270,121.6129887
3441073832,598,生猛活海鮮,restaurant,25.0011210,121.5005173
4810842022,213,樂雅樂,restaurant,25.1305340,121.4988793
6354698723,477,Lamigo拉麵,restaurant,25.0422104,121.5435324
4405357992,552,85度C,cafe,25.0030928,121.4598985
4820442533,433,COCO,restaurant,25.0430607,121.4483185
4732257213,368,蘭溪江浙菜館,restaurant,25.0710777,121.6094518
2157314993,438,店小二池上便當,restaurant,25.0549394,121.5307287
4312418437,366,派克2,fast_food,25.0802946,121.5917888
3472560493,552,上海銀鳳樓,restaurant,25.0073560,121.4597091
6268102126,648,鬍鬚張,restaurant,24.9832184,121.5410828
6027133177,439,蒜翻天鹹酥雞,restaurant,25.0560318,121.5409517
7194706916,482,華園,restaurant,25.0317302,121.6096880
4820442526,433,阿淑肉圓,restaurant,25.0432787,121.4502686
2755478352,438,大麥美而美,restaurant,25.0434365,121.5240514
7037337591,476,東門興記,restaurant,25.0350641,121.5272158
7211419029,403,鬍鬚張魯肉飯,restaurant,25.0674489,121.5904714
2918743089,437,星巴克,cafe,25.0431614,121.5047486
5110501348,249,星巴克,cafe,25.1151418,121.5275658
3731275451,762,APPLE203早午餐‧專賣店 樹林大雅加盟店,restaurant,24.9472020,121.3799285
4269582557,439,東街日式料理,restaurant,25.0528715,121.5400416
4483314296,325,士林夜市美食街,restaurant,25.0880733,121.5245167
7217108221,597,大心,restaurant,24.9975965,121.4878001
5110488710,399,Rayca Coffee,cafe,25.0602424,121.5210420
4205229677,439,眾流素食,restaurant,25.0526081,121.5403255
5219069322,249,華碩鐵板料理,restaurant,25.1150784,121.5275428
2876189534,437,良品牛肉麵,restaurant,25.0459210,121.5139011
3447832892,478,Pico Pico,restaurant,25.0341702,121.5502939
7175344583,368,阿裕蚵仔大腸手工麵線,restaurant,25.0749734,121.6169374
6389111652,324,延平牛肉麵,restaurant,25.0895895,121.5068602
2456412702,439,手抓飯,restaurant,25.0472988,121.5420706
3044970133,211,鐵路便當,restaurant,25.1375816,121.4597897
5267957625,552,板橋凱撒大飯店,restaurant,25.0115596,121.4624964
7194706801,697,貓空茶言觀舍,restaurant,24.9673192,121.5875873
6375243481,365,八方雲集,restaurant,25.0827007,121.5676980
2618749466,187,粟家牛肉麵,restaurant,25.1385969,121.4993375
7175344543,441,阿呂叔叔炸物專賣店,restaurant,25.0441142,121.5719168
4449757838,438,赤宴日式燒肉,restaurant,25.0513415,121.5205290
3830586057,514,左巴好室好事,restaurant,25.0195937,121.5325084
6600388718,439,上林甸自助餐,restaurant,25.0536190,121.5448554
3688113978,762,韓一美食館,restaurant,24.9439039,121.3739221
2376924761,440,茶味先,restaurant,25.0430507,121.5557667
7175344520,368,小約翰手工薄餅披薩,restaurant,25.0730872,121.6187924
3716543697,351,圓香紅豆湯、冰,restaurant,25.0752901,121.3649760
743173507,514,雪可屋咖啡茶館,cafe,25.0189011,121.5326867
2300663051,330,卡拉拉鍋物,restaurant,25.0842773,121.5960866
7175344664,368,東湖阿雲油飯,restaurant,25.0702708,121.6191074
5108743096,601,麥味登,restaurant,25.0017526,121.5392644
4097540389,478,杜老爺,restaurant,25.0349032,121.5515146
5198337986,762,慢思 Amour.Sacrifice,restaurant,24.9432553,121.3726924
4502075209,139,Neko Bus 咖啡廳,cafe,25.1768771,121.4497695
6571077021,515,牛莊園牛肉麵,restaurant,25.0283381,121.5468085
5636854988,549,刺丼,restaurant,25.0154948,121.4259525
868325300,405,樂雅樂,restaurant,25.0571098,121.6158849
4069716696,441,香港大家好港式粥粉麵飯,restaurant,25.0503244,121.5640847
4646613791,367,Triple café,restaurant,25.0832389,121.6041547
3673009085,548,早點子早餐店,restaurant,25.0097090,121.4126062
6871573260,478,MB南洋料理,restaurant,25.0397730,121.5535551
3361477815,499,日久阿羅哈漢堡朝陽店,restaurant,25.0388431,121.8663646
3835331347,649,中式早餐店,restaurant,24.9879343,121.5538615
3924746803,475,元味古早小吃,restaurant,25.0342750,121.5077028
6515952569,248,竹苑素食餐廳,restaurant,25.1171838,121.5169813
4330721790,437,八方雲集,restaurant,25.0503001,121.5166407
3150714487,470,魯肉張魯肉飯,restaurant,25.0426224,121.4448332
4328118622,601,253鮑魚海鮮粥麵,restaurant,24.9951524,121.5414146
3304641861,440,東坡涵舍,restaurant,25.0469481,121.5493211
5110489245,438,米朗琪咖啡館,cafe,25.0531581,121.5210964
3704216326,438,甘記蕃茄刀削麵,restaurant,25.0535524,121.5321791
5845316857,515,辛川屋,restaurant,25.0249608,121.5456308
2473809877,514,泰皇小館,restaurant,25.0169213,121.5308162
7031800545,479,Eat國際館,restaurant,25.0410306,121.5766865
3860234563,601,帝王食補薑母鴨,restaurant,24.9983451,121.5447877
7130233214,506,云盛豆漿,fast_food,25.0181796,121.4090755
1839317299,365,瓦城,restaurant,25.0819895,121.5663255
6694180172,473,江翠小館,restaurant,25.0325663,121.4753105
6242158971,558,拉亞漢堡,restaurant,25.0033328,121.5559289
6074032340,325,塔羅咖啡,cafe,25.0900978,121.5233934
4325694220,438,麵足飯飽,restaurant,25.0435194,121.5317413
4620367397,364,珍有福,restaurant,25.0802273,121.5522093
7175344686,211,晴光意麵,restaurant,25.1282272,121.4687034
4524864056,439,haritts,cafe,25.0512118,121.5455924
5391627486,437,兔子兔子美式餐廳,restaurant,25.0446907,121.5166751
2341947845,514,小飯廳,restaurant,25.0171742,121.5325554
4244320590,351,小瓦罐煨湯館,restaurant,25.0703514,121.3575734
7153752239,477,名家早餐店,restaurant,25.0410834,121.5410131
5961011012,388,吉米廚房,restaurant,25.0663585,121.3616544
3665505125,476,銀咖哩,restaurant,25.0310107,121.5295556
5211553421,249,小波蘿複合式餐飲,restaurant,25.1119895,121.5286253
6720844020,438,Ita Cham Caffè,cafe,25.0438899,121.5278834
3860789085,593,一品堂,restaurant,24.9914663,121.4226761
5098115723,479,Nathalie Lete娜塔莉台北店,cafe,25.0427760,121.5660673
4108971710,439,LoCo FooD,fast_food,25.0525865,121.5388323
569951361,478,星巴克,cafe,25.0316247,121.5610251
4895706631,556,初牛炭火直燒丼飯專賣店,restaurant,25.0152138,121.5322319
4927308721,438,馬太郎燒肉,restaurant,25.0503851,121.5221920
2928687903,139,八番日式燒肉,restaurant,25.1697659,121.4460884
7175344554,441,生蠔哥,restaurant,25.0503738,121.5733561
3881540631,437,咕咕香酥雞蛋糕,restaurant,25.0452659,121.5160473
6435865870,439,Again Cafe,cafe,25.0458931,121.5443417
3196847501,439,樺樣自助餐,restaurant,25.0483081,121.5465387
3867794087,439,30年老店豆漿燒餅,restaurant,25.0534500,121.5345837
5666895651,399,學餐:早餐店,restaurant,25.0659992,121.5218228
3731616067,601,福州陽春麵,restaurant,24.9976854,121.5480274
3663419722,437,紅廚 排骨飯 牛肉麵,restaurant,25.0508449,121.5176594
4198238558,438,麒麟極品豬腳,restaurant,25.0514794,121.5304535
2614409518,598,我家牛排,restaurant,24.9965227,121.4908768
3851242948,601,丹堤咖啡,cafe,24.9995736,121.5478006
2643672664,353,正宗包子,restaurant,25.0788746,121.3885858
5843826585,402,極蜆,restaurant,25.0592498,121.5662205
4524344004,648,路易莎,cafe,24.9833651,121.5376626
2328249399,475,鬍鬚張魯肉飯,restaurant,25.0311499,121.5171267
6191479260,215,察爾斯廚房,restaurant,25.1294079,121.5278410
7175344594,477,安娜法蘭法式蔬食,restaurant,25.0350469,121.5372898
4838087767,474,旺都涮涮鍋,restaurant,25.0321330,121.5006255
2784761337,551,兩隻貓咖啡店,cafe,25.0095247,121.4565306
1837963998,366,三媽臭臭鍋,restaurant,25.0819554,121.5781184
7175344660,442,苦茶之家,restaurant,25.0480641,121.5794655
6323106738,437,紅色檳氛,restaurant,25.0494894,121.5173493
5950309181,365,開丼,restaurant,25.0810531,121.5705688
5110348591,516,多麼咖啡,cafe,25.0259067,121.5508345
5308335056,352,油桐花客餐,restaurant,25.0811283,121.3826367
2441162170,437,艾樂屋,restaurant,25.0444594,121.5133411
2912270713,138,愛烤愛對囉 淡水店,restaurant,25.1704040,121.4444654
3781714013,741,海倫咖啡,cafe,24.9519024,121.6460671
2949195372,601,池上木片便當,restaurant,24.9992731,121.5439074
6159039441,477,一路,cafe,25.0326638,121.5381841
3837332689,640,尚弘早餐店,restaurant,24.9814434,121.4242079
3699875583,444,珍香鍋貼專賣店,restaurant,25.0448806,121.6158977
3959169085,762,舞子拉麵二代,restaurant,24.9468424,121.3737618
7175344498,442,阿花魷魚羹 羊肉羹,restaurant,25.0461204,121.5782373
7153752235,439,麻舖子,restaurant,25.0443811,121.5420065
5458657201,438,吃了没,restaurant,25.0548515,121.5240515
6153748454,478,聚川園餡餅粥,restaurant,25.0305309,121.5515918
7194707011,364,叁和院 台灣風格飲食,restaurant,25.0826985,121.5592369
7320973057,437,勝十蘭,restaurant,25.0449053,121.5161785
7175344639,512,四海春餃子館,restaurant,25.0225935,121.4979675
4713024790,438,Hello Kitty主題餐廳,restaurant,25.0442020,121.5304792
4737705385,367,溢香園,restaurant,25.0741752,121.6061027
2340183168,515,四海遊龍鍋貼專賣,fast_food,25.0179506,121.5403434
4725956629,480,均合素食點心坊,restaurant,25.0372175,121.5813520
4325694205,438,銀記港式小炒,restaurant,25.0435586,121.5314439
7175344706,192,大鼎現炒山菜,restaurant,25.1392413,121.5712760
3379237103,479,California Pizza Kitchen,restaurant,25.0349085,121.5672538
5198337990,762,怡蘭扁食,restaurant,24.9429876,121.3725237
3722705746,515,小地方,restaurant,25.0273394,121.5400320
7063481729,440,Stay Real Cafe,cafe,25.0431071,121.5505135
2607298692,443,摩斯漢堡,fast_food,25.0502104,121.5939128
2618190381,643,清心福全,cafe,24.9815842,121.4596374
4544904389,438,聚北海道昆布鍋,restaurant,25.0517609,121.5306957
2755478346,476,鍾國雲吞料理,restaurant,25.0395900,121.5223460
4230090490,514,靜壽司,restaurant,25.0158951,121.5327200
4031297499,400,請徑咖啡,cafe,25.0576572,121.5418119
4085142319,595,鍋小寶,restaurant,24.9961448,121.4513446
7211425779,555,大衛廚房,restaurant,25.0150089,121.5124386
3337457968,640,雙醬咖哩 樹林店,restaurant,24.9835172,121.4182814
3784153298,249,CA rolls,restaurant,25.1145865,121.5321039
5593519821,325,淘客美式漢堡,fast_food,25.0953253,121.5265983
7215611823,507,一覺元味,restaurant,25.0216296,121.4243691
2726480265,552,麥當勞,fast_food,25.0140182,121.4666244
3786348248,514,粥粥頌廣東粥,restaurant,25.0169490,121.5323485
7211419061,374,賜花創義食堂,restaurant,25.0818781,121.6990579
6995661044,437,和洋食堂,restaurant,25.0469854,121.5170715
4170163089,399,八八珈琲,cafe,25.0677586,121.5243974
3909253728,640,松如素食自助餐,restaurant,24.9797718,121.4184113
4340641489,366,內湖上海湯包,restaurant,25.0746853,121.5780267
7170215702,397,尻食堂中華料理,restaurant,25.0637121,121.5025630
3667682564,602,永和豆漿,restaurant,25.0014595,121.5532052
5551681023,402,六順豆花,restaurant,25.0587310,121.5660897
5198337998,762,親樂鍋,restaurant,24.9425167,121.3732632
3270665672,399,原味湯廚,restaurant,25.0572336,121.5204651
4007811654,601,路邊攤日式小吃,restaurant,24.9893382,121.5421940
6024232291,648,哈克早餐店,restaurant,24.9851348,121.5409967
6408076686,213,阿輝伯蘿蔔絲餅,restaurant,25.1323815,121.5011804
4524864535,516,丹提咖啡,cafe,25.0223076,121.5549618
5916558934,388,品撰道,restaurant,25.0591918,121.3703010
4043569616,371,繆斯人文咖啡館 muses caffe,cafe,25.0726829,121.6616351
1837857040,327,來來豆漿,restaurant,25.0845438,121.5614406
5108706580,648,復興精緻早午餐,restaurant,24.9869176,121.5389145
2563901896,648,水上鮮,restaurant,24.9830011,121.5353728
4524864052,477,吉野家,restaurant,25.0329361,121.5433666
3903968595,475,韭菜包,restaurant,25.0380883,121.5066700
5110348547,441,香港豪記燒臘,restaurant,25.0502138,121.5715080
6202943437,359,八方雲集,restaurant,25.0775236,121.4853537
2633889228,439,彌敦道茶餐廳,restaurant,25.0529826,121.5339466
2163466091,399,85度C,cafe,25.0599908,121.5303909
4634426014,515,聞山咖啡,cafe,25.0205160,121.5334542
7004215987,477,Mianto 艾果豐,restaurant,25.0390111,121.5415978
2357128241,602,兄弟麵館,restaurant,24.9996599,121.5549686
7004093430,437,昇興食品坊,restaurant,25.0494335,121.5133019
7211522200,437,後車站六洲麵線,restaurant,25.0498335,121.5145848
3881536256,437,肥老闆,restaurant,25.0442974,121.5161412
3419805453,551,酒肉朋友創意居酒屋料理板橋店,restaurant,25.0050576,121.4565444
7008579985,555,苦瓜蕃茄排骨麵紅油抄手,restaurant,25.0085653,121.5078368
7194706797,444,尚美,restaurant,25.0539522,121.6161368
4314326425,367,漢林美而美,restaurant,25.0799321,121.5952631
6182991537,434,頭前國小好吃炸雞,restaurant,25.0527434,121.4663378
3732188577,477,2J CAFE,cafe,25.0309109,121.5383444
2307723060,650,麥當勞,fast_food,24.9887126,121.5665754
2966348977,406,素食,restaurant,25.0685096,121.6297524
6418799559,555,Buffet,restaurant,25.0130230,121.5106350
5884543609,477,摩斯漢堡,fast_food,25.0340669,121.5460771
2642374328,405,餡老滿,restaurant,25.0573347,121.6163568
4426134965,507,KFC 肯德基,fast_food,25.0235034,121.4257378
2621124072,694,響宴,restaurant,24.9709605,121.5427873
4820442016,433,曲尼的公園PICNIC,restaurant,25.0434407,121.4526499
5222741236,287,萊義客,restaurant,25.1043261,121.5212518
2917574238,433,知味滷肉飯,restaurant,25.0499490,121.4582539
4085016845,439,一軒古早麵,restaurant,25.0528643,121.5351145
3270313861,476,永康肥鰻屋,restaurant,25.0315637,121.5294673
2643718629,352,KUNG FU TEA,restaurant,25.0759924,121.3856747
2932688826,138,吳家阿給蛋餅,restaurant,25.1724567,121.4426421
4847249822,476,鼎元豆漿,restaurant,25.0314171,121.5210174
7193346166,322,鴨肉富,restaurant,25.0862941,121.4795016
3732187929,514,極簡咖啡,cafe,25.0256044,121.5295747
4018206191,437,南施咖啡,cafe,25.0530794,121.5135597
5110489813,399,德惠鵝肉日式,restaurant,25.0601779,121.5251511
6316855688,439,林東芳牛肉麵,restaurant,25.0472211,121.5430479
3835318451,649,Apple Tree,restaurant,24.9817511,121.5590719
5263764450,513,瑞麟美而美,restaurant,25.0279364,121.5145450
3929888401,601,湯媽精緻小火鍋,restaurant,24.9936596,121.5447093
4298897609,437,NOTCH Cafe Bending,cafe,25.0453669,121.5133541
7170215759,442,味珍香異國風味小棧,restaurant,25.0534680,121.5881402
7211425500,480,新亞鐵板燒,restaurant,25.0356855,121.5776423
4820442574,432,鴨肉麵,restaurant,25.0436559,121.4446627
6681320999,438,對面,restaurant,25.0440098,121.5256870
7194706894,367,八方悅鍋物內湖AIT店,restaurant,25.0789242,121.5982240
4524863826,364,大直粥品,restaurant,25.0807322,121.5480869
3426316145,555,吉野家 中和永安店,restaurant,25.0028797,121.5114349
5739420390,556,招牌鴨肉飯,restaurant,25.0125380,121.5193328
6679978785,515,牛莊園蔬果湯頭牛肉麵,restaurant,25.0283255,121.5467667
3341995467,640,紫米粥,restaurant,24.9827202,121.4224911
7175344779,476,朱記餡餅粥店,restaurant,25.0326015,121.5293741
2947929882,399,大眾牛肉麵,restaurant,25.0673079,121.5257313
4144499871,648,大埔鐵板燒,restaurant,24.9830592,121.5430584
2446558825,437,丹堤咖啡,cafe,25.0436083,121.5131073
4820634502,561,傳說中的店小二,restaurant,25.0023592,121.6041904
7095347139,440,老作田居酒屋,restaurant,25.0436920,121.5480538
6720844035,398,Sugar Café bar,cafe,25.0568350,121.5107815
7175334730,477,展翔早餐吧,restaurant,25.0312158,121.5479454
3826769575,211,藝大咖啡,cafe,25.1332446,121.4703718
6389111677,324,稻之鄉清粥自助餐,restaurant,25.0889378,121.5097650
5109347762,514,牛魔王牛排館,restaurant,25.0247886,121.5293726
2572568047,437,干輝鵝肉店,restaurant,25.0431786,121.5069534
4769570727,365,春水堂,restaurant,25.0803163,121.5677284
4307554240,248,老眷村北方點心,restaurant,25.1167608,121.5157642
2462876032,601,麥當勞,fast_food,24.9922503,121.5424378
6117585607,325,美之宴,restaurant,25.0848485,121.5221976
3835339689,650,尚品早餐店,restaurant,24.9840297,121.5686048
2618674811,211,頂呱呱,restaurant,25.1373585,121.4602815
873134180,443,麥當勞,fast_food,25.0543716,121.6055270
3441073842,598,觀音素食店,restaurant,25.0007806,121.5009948
3937248401,762,香港好棧燒臘小廚,restaurant,24.9428200,121.3793606
2784773048,551,老功夫包子,restaurant,25.0084497,121.4502865
2928687904,139,大叔年糕,restaurant,25.1696627,121.4463000
4837986394,438,魷魚羹專賣店,restaurant,25.0474370,121.5326892
5205497021,287,咖博館,cafe,25.1100929,121.5256384
6542562814,514,打勾勾,cafe,25.0165170,121.5306035
4937748627,301,豐味肉羹,restaurant,25.1067374,121.8055398
7175344743,186,老麥麵店,restaurant,25.1384959,121.4855929
7001356662,396,美濃牛肉麵,restaurant,25.0612704,121.4833161
4312433356,366,夯麵坊,restaurant,25.0802612,121.5907016
3316663083,601,陶媽溫州大餛飩,restaurant,24.9904110,121.5394804
4737386239,694,摩斯漢堡,fast_food,24.9717084,121.5412870
3031393434,138,老店阿給魚丸,restaurant,25.1696764,121.4413971
4524863654,516,香港龍華燒臘店,restaurant,25.0288629,121.5614207
2526186860,649,老娘米粉湯,restaurant,24.9879243,121.5522205
3503443034,514,魯米爺咖啡館,cafe,25.0184360,121.5326269
5892708085,439,和茗甘味處,cafe,25.0439086,121.5474043
3959167644,762,三峽冰鎮 北大店,restaurant,24.9478902,121.3741094
4431007691,513,艸蘊,cafe,25.0268395,121.5183290
6130569330,440,溫州大餛飩,restaurant,25.0518318,121.5546731
4452847792,731,食來運轉快餐店,restaurant,24.9489499,121.4954436
3590079693,694,福勝亭,restaurant,24.9714288,121.5420397
4937891814,479,吉豚屋,fast_food,25.0396145,121.5658423
4524863978,477,秋吉事串燒,restaurant,25.0418643,121.5413055
3854090983,321,早餐店,restaurant,25.0879107,121.4668283
7175344546,512,阿明綜合羹麵線,restaurant,25.0190054,121.5012893
4794561821,437,Pasta Bar,restaurant,25.0433065,121.5073231
7130799961,401,天天米香,restaurant,25.0578410,121.5520016
4736038678,367,老上海麵館,restaurant,25.0729161,121.6061187
1837971853,366,真味肉圓,restaurant,25.0805122,121.5791162
7004220048,363,大直肉圓,restaurant,25.0811461,121.5462676
4202524082,439,星聚點1號鐵板燒餐廳,restaurant,25.0484180,121.5443136
7004093439,437,Lingos義大利美食餐廳,restaurant,25.0498831,121.5119487
5048161958,187,原燒,restaurant,25.1417205,121.4994593
7365964043,397,中華飯包,restaurant,25.0658441,121.4986755
5562880396,474,阿丁自助餐,restaurant,25.0416547,121.5017855
7211425619,480,林家羊肉羹,restaurant,25.0372473,121.5791383
5961011011,388,丸虎小館,restaurant,25.0663263,121.3616540
7365964025,397,水煎包小籠包,restaurant,25.0655821,121.4987687
5699180232,477,享樂咖啡,cafe,25.0324581,121.5437865
7211425603,403,津城鴨肉羮,restaurant,25.0689000,121.5874066
2642374337,444,烤鴨,restaurant,25.0551332,121.6152170
2410134964,437,山珍海味自助餐,restaurant,25.0453295,121.5085143
5736948101,514,銀座越南美食,restaurant,25.0159440,121.5320539
2886968702,473,台灣魯肉飯,restaurant,25.0304735,121.4762753
5344609523,551,麥味登,restaurant,25.0025235,121.4558483
5179812921,325,熊吞日式炭火燒肉胴飯,restaurant,25.0964599,121.5255617
4820442530,471,土羊肉,restaurant,25.0424547,121.4476637
7211952420,478,STARBUCKS,cafe,25.0417213,121.5515053
3248801017,476,DeRoot,cafe,25.0406739,121.5325598
5110348593,478,臭臭鍋,restaurant,25.0312790,121.5589153
4018209441,248,都柏林台式自助餐,restaurant,25.1184743,121.5178944
3216077275,476,花俊簡餐咖啡,restaurant,25.0305291,121.5284234
4236823717,476,大來小館,restaurant,25.0301336,121.5286385
4298941390,478,老乾杯,restaurant,25.0399084,121.5554166
2925738231,139,福勝亭,restaurant,25.1690397,121.4454661
3510217395,400,GaBee.咖啡店,cafe,25.0592053,121.5462393
6182991547,433,石二鍋,restaurant,25.0492681,121.4483631
5110348821,478,NOLA Kitchen,restaurant,25.0301676,121.5580407
6024285866,510,義大利麵,restaurant,25.0205447,121.4656268
7138715769,213,早安勇士,restaurant,25.1364130,121.5007305
2302529896,330,黑豬肉胡椒餅,restaurant,25.0839906,121.5954513
7211425535,444,尊上食坊,restaurant,25.0554195,121.6144511
3860789079,593,佳味園便當,restaurant,24.9915403,121.4227718
4196534991,440,春水堂,cafe,25.0513534,121.5574303
7194706892,444,飲飽食醉,restaurant,25.0463081,121.6153065
3341995479,640,巨林美而美,restaurant,24.9831326,121.4232686
7175344596,368,萬佳鄉,restaurant,25.0730560,121.6191272
7095347124,478,ABRAZO Bistro,restaurant,25.0423805,121.5485179
4360380440,515,義式鄉村料理,restaurant,25.0244641,121.5428258
6090413800,325,都蕾咪蛋糕,restaurant,25.0881822,121.5234723
2625503736,363,清新福全冷飲店,restaurant,25.0797286,121.5463893
4043625917,601,祖傳牛肉麵,restaurant,24.9901117,121.5411328
4837986421,516,花麻辣,restaurant,25.0225627,121.5501762
6572627304,693,享初牛台南溫體牛,restaurant,24.9742023,121.5297740
7211425735,443,四季傳香湯滷味,restaurant,25.0498102,121.5938570
7213752468,479,瓦城,restaurant,25.0345396,121.5662339
2203268917,734,原住民不滿族香腸,restaurant,24.9562559,121.5349085
7037347321,437,新醉紅樓菜館,restaurant,25.0528897,121.5133098
6394056930,479,GYUU NIKU ステーキ專門店,restaurant,25.0404485,121.5752691
3349564653,360,85度C,cafe,25.0821140,121.4893074
3981536780,365,鬍鬚張魯肉飯,restaurant,25.0758353,121.5760824
7130802040,400,白暮蛋餅先生,restaurant,25.0610863,121.5474401
5110348555,441,鬍鬚張,restaurant,25.0515838,121.5644804
2657117842,404,云喬餐廳,restaurant,25.0682446,121.5954919
2643730306,353,汶臻牛肉麵,restaurant,25.0813017,121.3888253
3177945379,433,嘉義雞肉飯,restaurant,25.0490504,121.4499312
6871573236,602,樂咖屋牛肉麵,restaurant,25.0011851,121.5506986
7004274054,187,火鍋世家,restaurant,25.1380525,121.5029325
3840857818,438,台南阿輝炒鱔魚,restaurant,25.0555178,121.5303248
3706324839,478,(楊)永和豆漿,restaurant,25.0334167,121.5573097
7365964040,397,瓦城泰國料理,restaurant,25.0653317,121.4970913
2676285180,437,蛙咖啡,cafe,25.0540951,121.5104076
7175344578,249,332肉羹,restaurant,25.1223736,121.5242925
3740826738,725,東園小吃店,restaurant,24.9601246,121.4019411
3835345488,650,景文快餐便當,restaurant,24.9840786,121.5663659
7037337594,476,東門餛飩豬腳,restaurant,25.0346345,121.5270195
4043625905,601,嘉賓鐵板燒,restaurant,24.9893952,121.5414424
3007181095,437,美觀園,restaurant,25.0434442,121.5065422
4524863590,477,舒旅築旅,restaurant,25.0352599,121.5457791
7170215778,442,派克脆皮雞排,restaurant,25.0483202,121.5794019
2143411214,213,吳家牛肉麵,restaurant,25.1362876,121.4971395
2984046408,444,孫媽媽牛肉麵,restaurant,25.0450847,121.6157638
7175344631,515,木子日青,restaurant,25.0283013,121.5469085
4836653410,325,寶屋壽洗燒,restaurant,25.0949304,121.5258640
2845924725,552,齊味麻辣火鍋,restaurant,25.0109859,121.4620293
3854472474,557,喫ㄤ平價鐵板燒,restaurant,25.0137794,121.5342150
2152782067,398,賣麵炎仔 金泉小吃店,restaurant,25.0609871,121.5098148
5505377673,601,大腸麵線,restaurant,24.9990436,121.5395910
7211419075,374,漁壽司,restaurant,25.0829330,121.6993188
4328118409,479,Quiznos,fast_food,25.0411950,121.5689997
2950843062,398,伯朗咖啡,cafe,25.0660586,121.5138713
5608409021,287,永和豆漿,restaurant,25.0972004,121.5239183
6155600451,648,首都烘培餐廳,restaurant,24.9809488,121.5415254
7368631823,397,大盤子涮涮鍋,restaurant,25.0622383,121.4982643
2592662810,433,真好味熱炒,restaurant,25.0543927,121.4513019
5982354385,439,Louisa Café,cafe,25.0482661,121.5466496
7130799983,401,Snail 蝸牛義大利餐廳,restaurant,25.0570647,121.5521491
4492620958,593,茶自點,cafe,24.9970821,121.4211189
7211425743,374,加寶多早餐店,restaurant,25.0806749,121.6962385
7170215787,441,雅加達早餐店,restaurant,25.0466554,121.5768480
3097274206,601,三馫麵飯館,restaurant,25.0002501,121.5389570
6879125186,598,熊飲鮮茶,cafe,25.0002297,121.4976755
7194706870,444,麥多多早餐店,restaurant,25.0531764,121.6172979
5248371924,325,巧果子,restaurant,25.0970637,121.5219278
3981536199,366,呼搭啦,restaurant,25.0711666,121.5820980
3278448287,639,巷內早餐店,restaurant,24.9826427,121.4151250
6130126780,555,伯朗咖啡,cafe,25.0042020,121.5174184
3022591204,444,佛跳牆,restaurant,25.0513116,121.6156476
7211425727,480,正港魯肉飯,restaurant,25.0390735,121.5787622
4809532029,476,鼎元豆漿,restaurant,25.0314056,121.5209989
4329769296,601,鴻珍中式早點,restaurant,24.9965828,121.5475344
2918523768,365,菠啾花園,restaurant,25.0727428,121.5746249
4834761763,557,晨時早餐,restaurant,25.0036397,121.5376625
4792433225,723,味亦美速食餐飲連鎖,restaurant,24.9492925,121.3854869
7191634539,322,車站腿庫飯,restaurant,25.0862987,121.4797374
7175344649,477,幸福麵食餃子館,restaurant,25.0326446,121.5393916
6843954135,551,炒飯製研所,restaurant,25.0042586,121.4575779
7037337603,437,品麻辣豆腐鴨血專賣店,restaurant,25.0468936,121.5147994
5892704987,478,大腕燒肉,restaurant,25.0429664,121.5503861
5110488945,439,U Restaurant,restaurant,25.0517157,121.5375571
5698897032,477,沐越,restaurant,25.0425153,121.5435465
4365765490,72,福華海鮮餐廳,restaurant,25.2200603,121.6420409
6037158529,514,漢堡王,fast_food,25.0230283,121.5281050
3066154634,138,娜莎冰淇淋,restaurant,25.1700750,121.4390322
5556152824,474,萬華千層燒餅,restaurant,25.0322778,121.4996772
4483350790,325,大餅包小餅,restaurant,25.0883195,121.5238175
7170215594,402,Mo-Mo-Paradise,restaurant,25.0629153,121.5757759
4552754840,556,小公館,cafe,25.0157151,121.5326181
5344586026,551,八方雲集,restaurant,25.0038571,121.4575778
7217271842,437,福祿屋和食拉麵,restaurant,25.0471494,121.5142903
6026986080,439,麥可早餐,restaurant,25.0559462,121.5406063
6499848154,398,Station 26,cafe,25.0576104,121.5106254
5189829121,249,麥香美早餐店,restaurant,25.1191377,121.5275038
5505111981,388,嘉豐小館,restaurant,25.0589820,121.3688016
7194706703,603,新光路無名麵攤,restaurant,24.9893258,121.5739104
6323106745,437,晶湯匙,restaurant,25.0491833,121.5182036
7296140885,364,潮粵坊,restaurant,25.0805073,121.5536302
3232553461,405,Pizza Hut,restaurant,25.0686958,121.6125911
5551876336,514,讚岐烏龍麵-米澤製麵,restaurant,25.0230940,121.5251196
3938929546,437,黔園川菜小吃館,restaurant,25.0440822,121.5038372
3923847439,515,Casa del Fresco,cafe,25.0243952,121.5373242
4822517224,138,之間-茶食器,restaurant,25.1730171,121.4361870
7169581018,440,太妃鍋,restaurant,25.0493210,121.5549661
4524200089,639,南法小鎮,restaurant,24.9828446,121.4128127
3835835234,362,永和豆江,restaurant,25.0833582,121.5193193
6389111647,324,東鎮巴巴涮涮鍋,restaurant,25.0890119,121.5080173
5593500924,325,project 0.1,restaurant,25.0956233,121.5288080
5286867830,602,粥神,restaurant,24.9984891,121.5586388
5110489016,475,TAKU日式串燒,restaurant,25.0418641,121.5138883
2579109207,439,陳陽鵝肉大王,restaurant,25.0439211,121.5465903
4227950893,304,九份觀海樓,restaurant,25.1078162,121.8431100
6129972003,398,好杯咖啡,cafe,25.0657385,121.5173730
4105656290,552,阿國麻辣麵線,restaurant,25.0072597,121.4607714
5530836721,479,Cook Beef Steak rice bowl,fast_food,25.0412895,121.5660870
6024229164,599,Pizza ROCK,restaurant,24.9999928,121.5177329
4838087727,398,佳興魚丸店,restaurant,25.0592610,121.5106516
5677571417,271,古山星辰親子咖啡廳,cafe,25.1022651,121.2896265
6004162501,325,家湘涼麵,restaurant,25.0893420,121.5250475
3810288171,438,義麵坊華山小酒吧,restaurant,25.0436517,121.5305821
3355966393,371,PHO牛肉河粉,restaurant,25.0734421,121.6622748
7194706953,361,小里子海鮮,restaurant,25.0730262,121.5145438
4307554226,248,牛董牛肉麵,restaurant,25.1145887,121.5150465
3415880875,598,美而美,fast_food,24.9975477,121.4981189
5110489019,399,八方雲集,restaurant,25.0651581,121.5241938
2392237977,400,品鍋臭臭鍋,restaurant,25.0612381,121.5350050
3490446900,598,滷大王滷味-逢甲香香雞,restaurant,24.9969139,121.4970399
3924758130,475,小南門福州傻瓜乾麵,restaurant,25.0354151,121.5078157
2899366918,444,台灣傳奇小吃,restaurant,25.0524244,121.6163300
4524863751,437,熊一火鍋,restaurant,25.0436058,121.5062563
3878436861,474,陳記專業蚵仔麵線,restaurant,25.0351841,121.4981891
7175344718,479,俐香自助餐,restaurant,25.0403366,121.5774168
6433456334,437,黑點雞肉食堂,restaurant,25.0538317,121.5130790
2672730342,514,蠶居,restaurant,25.0184157,121.5315221
4200643108,602,瑞麟美而美,restaurant,25.0022001,121.5483716
5274522921,438,快、食、尚,restaurant,25.0525080,121.5223265
4018210617,478,君悅排骨,restaurant,25.0380324,121.5571894
7216240729,479,大心,restaurant,25.0405834,121.5654615
7175334759,513,HS哈燒小食堂,restaurant,25.0267989,121.5107458
3923847450,515,小公園牛肉麵,restaurant,25.0278427,121.5406228
7004297800,437,御廚房,restaurant,25.0522194,121.5099411
569950704,478,Honey Pig,restaurant,25.0332576,121.5594331
6068468713,514,19咖啡輕食廚房,restaurant,25.0252765,121.5293463
7175344633,191,炸地瓜,restaurant,25.1503789,121.5489533
4198249695,438,淞江台式自助餐,restaurant,25.0485768,121.5323998
6805098959,443,阿翠越南美食,restaurant,25.0559943,121.6067158
3347627754,640,樂樂堡早餐店,restaurant,24.9810345,121.4172824
4840875521,364,星巴克,cafe,25.0832156,121.5542853
3706010926,478,巧合魷魚羹小吃店,restaurant,25.0316090,121.5540070
7170215735,443,印度風咖哩黃,restaurant,25.0516375,121.5934889
2938543363,139,越南小棧,restaurant,25.1718489,121.4470136
6579661159,398,琢磨,cafe,25.0582713,121.5100164
6210559194,287,金春發牛肉店,restaurant,25.1029290,121.5202736
2392237981,400,大匠食堂,restaurant,25.0607344,121.5350387
4344542403,438,Again Cafe,cafe,25.0523359,121.5205343
7194706686,364,祥雲龍吟,restaurant,25.0828945,121.5594891
6028851337,438,三骨魚介拉麵勝王,restaurant,25.0493744,121.5211743
2183238686,476,NOUVEAU,restaurant,25.0333544,121.5321932
2977303921,555,老成元御膳麻辣,restaurant,25.0076113,121.5127215
5109347800,514,大葉麵食館,restaurant,25.0180899,121.5316385
4198249712,438,葫蘆鐵板燒,restaurant,25.0483226,121.5316166
3837332688,640,香雞排鹹酥雞,restaurant,24.9814699,121.4241833
5602300358,511,粉鳥灶下,restaurant,25.0200028,121.4811798
4165101263,287,西糯米廚房,restaurant,25.1034658,121.5214097
2591768524,439,麻辣楊家將,restaurant,25.0533427,121.5472054
2958848022,406,立群健康素食店,restaurant,25.0682110,121.6293602
2876159409,437,麥當勞,fast_food,25.0444878,121.5168243
4453324599,211,滷底撈,restaurant,25.1369465,121.4602277
3740826802,725,魚琥小吃店,restaurant,24.9604703,121.4047372
1930430973,352,定食8，爭鮮,restaurant,25.0781579,121.3730857
3701535847,557,花樂鍋,restaurant,25.0134036,121.5344449
2958848023,406,長生素食早點,restaurant,25.0682312,121.6293396
6024241234,648,鮮堡漢堡,restaurant,24.9842227,121.5412875
2912283701,138,嘉筵小吃店,restaurant,25.1696803,121.4412978
4782164540,361,永和豆奶,restaurant,25.0831841,121.5102507
6115725109,287,Alice音樂餐廳,restaurant,25.1026343,121.5247714
4418462700,190,湖田溫泉會館,restaurant,25.1507618,121.5369059
1995088872,365,星巴克,cafe,25.0790356,121.5732871
3033188232,516,一番咖哩專賣部屋,restaurant,25.0240508,121.5533052
5108706592,648,八方雲集,restaurant,24.9834167,121.5397390
2643644697,353,阿育小吃,restaurant,25.0771967,121.3941767
4043621260,513,八方雲集,restaurant,25.0253320,121.5173358
3851546382,438,飲君子咖啡,cafe,25.0429943,121.5194118
4265554689,442,星巴克,cafe,25.0490531,121.5782646
5342423539,514,葉嘉美食小館,restaurant,25.0236424,121.5224435
4563700391,437,圓環邊蚵仔煎,restaurant,25.0563156,121.5153598
6513461173,438,究燒,restaurant,25.0478870,121.5327279
6422218533,437,Mikkeller,cafe,25.0537116,121.5101621
4738179770,367,九江味屋,restaurant,25.0736059,121.6049714
3740826789,725,肉焿麵 魯肉飯 貢丸湯,restaurant,24.9600575,121.4035600
7211425626,442,金國花嘉義火雞肉飯 · 冰品,restaurant,25.0464767,121.5882042
7211425503,480,意麵小吃,restaurant,25.0391682,121.5884539
5938465788,402,台北泰,restaurant,25.0582615,121.5628111
4524864034,438,85度C,cafe,25.0546525,121.5316362
4399403989,513,華王排骨,restaurant,25.0253610,121.5165965
2939314772,399,皆大歡喜經典素食,restaurant,25.0580388,121.5323925
3688113968,762,普門茶品,restaurant,24.9437282,121.3735712
6165716353,477,來吧Cafe',cafe,25.0319770,121.5393690
4301004792,477,紫琳蒸餃館,restaurant,25.0418126,121.5477313
3439427183,554,卡瓦咖啡,cafe,25.0024647,121.4960422
4453014119,397,85度C,cafe,25.0633223,121.5012956
3196909522,440,老虎醬溫州大餛飩,restaurant,25.0480612,121.5531819
3196859965,439,芳田咖哩義大利麵,restaurant,25.0482897,121.5472364
4394358259,475,早安，您好,restaurant,25.0318420,121.5180267
2895253177,565,翡翠谷飲食店,restaurant,25.0059422,121.6515185
5635182380,388,東北斤餅牛肉麵,restaurant,25.0594376,121.3691483
4384257988,441,好滴Drip Cafe,cafe,25.0434515,121.5629004
4505684353,439,得記手工麵疙瘩,restaurant,25.0531951,121.5338780
6462891485,625,奇園自然料理,restaurant,24.9890536,121.8872871
5110581247,342,瑞三福利餐廳,restaurant,25.0888495,121.8298491
3430332162,554,錢饗日式涮涮鍋,restaurant,25.0026056,121.4976686
4739219839,367,樂雅樂,restaurant,25.0729218,121.6052271
3442881294,734,咕咕早餐,restaurant,24.9569358,121.5385172
7153752181,478,Chimac175,restaurant,25.0383392,121.5550143
2547209097,439,阿圖麻油雞,restaurant,25.0486053,121.5422366
6847903487,226,港邊海鮮小吃,restaurant,25.1328744,121.8202627
5110489803,475,瓦崎燒烤,restaurant,25.0426317,121.5071216
3232586647,405,漁來(生魚片專賣店),restaurant,25.0675755,121.6135127
5255065421,287,香港阿德燒臘快餐,restaurant,25.1066855,121.5252137
7074468496,441,御蓮斎,restaurant,25.0512782,121.5636780
5483729841,477,鬍鬚張,restaurant,25.0331495,121.5443900
2157329683,399,星巴克,cafe,25.0577890,121.5329171
3938949103,556,韓江韓國烤肉館,restaurant,25.0148018,121.5317635
3036524350,365,周胖子,restaurant,25.0827550,121.5649998
7037337589,476,利隆餅店,restaurant,25.0352489,121.5268763
6085595038,287,食堂,restaurant,25.1070173,121.5251088
7211425606,442,星宇大餛飩,restaurant,25.0460826,121.5876434
3440499384,554,我家義大利麵,restaurant,25.0044697,121.4962227
6654640237,602,豐壽司,restaurant,24.9997278,121.5480405
7169581042,440,廣一涼麵,restaurant,25.0533437,121.5550181
3006036105,437,麥當勞,fast_food,25.0480848,121.5178050
4298897616,437,永和豆漿,restaurant,25.0450246,121.5126178
5110501339,213,摩斯漢堡,fast_food,25.1359424,121.5037814
7211419037,480,鵝肉龍,restaurant,25.0380399,121.5794839
2567485434,593,關東日式涮涮鍋,restaurant,24.9902108,121.4225560
3700532675,478,麥味登,restaurant,25.0310220,121.5603405
7216240733,250,大心,restaurant,25.1172596,121.5339307
5707073560,642,麥當勞,fast_food,24.9851468,121.4527619
2927150823,139,元太祖豆花莊,restaurant,25.1719498,121.4457284
5110489730,399,泥鮮風味火鍋,restaurant,25.0628984,121.5251037
2924918329,598,摩斯漢堡,fast_food,25.0021029,121.4997743
6865431289,248,群咖啡,cafe,25.1106955,121.5159781
7211425825,444,8鍋,restaurant,25.0548462,121.6107290
5515517166,593,瀨戶一番,restaurant,24.9937194,121.4223491
6415774062,556,Mate Cafe,cafe,25.0115398,121.5202792
5198338000,762,早安美芝城三峽活力國際店,restaurant,24.9426697,121.3735345
5051738285,561,八方雲集水餃鍋貼專賣店(東南店),restaurant,25.0035708,121.6021697
6700210231,476,Kitchen 99,restaurant,25.0315674,121.5283813
7211425512,480,順第水餃,restaurant,25.0378132,121.5793174
2136854023,439,伯朗咖啡館,cafe,25.0517629,121.5363429
7194706990,325,雙胞胎手工蛋餅捲,restaurant,25.0930218,121.5270733
3456887917,439,韓首爾,restaurant,25.0436194,121.5474427
3028688915,512,正宗小魏川菜,restaurant,25.0262855,121.5002746
3528427894,439,丰和日麗,restaurant,25.0517091,121.5339960
2950143733,139,永和豆漿大王,restaurant,25.1738210,121.4507130
7211425745,480,兄弟鹽酥雞,restaurant,25.0383404,121.5791609
4627436089,322,三重知高飯,restaurant,25.0857987,121.4790174
4328118616,557,阿里媽媽,restaurant,25.0128489,121.5355302
3493253438,598,長生素食自助餐,restaurant,24.9939430,121.4978246
3329411990,640,早點,restaurant,24.9818688,121.4208267
5049921329,476,Subway,fast_food,25.0385549,121.5193128
7211419039,480,雙醬麵,restaurant,25.0375505,121.5793566
3684310620,388,肯德基,fast_food,25.0590025,121.3676415
4108971728,439,蘭庭,restaurant,25.0526401,121.5388901
4483166711,435,漢堡王,fast_food,25.0510595,121.4829170
4524863604,408,星巴克,cafe,25.0680893,121.6608121
4838087653,512,牛洞,restaurant,25.0219342,121.5013730
3541200794,399,cafe wien,cafe,25.0641460,121.5194057
7175344595,186,美帝漢堡,restaurant,25.1387849,121.4867490
738612589,557,台科大第一學生餐廳,restaurant,25.0139452,121.5426053
7175344740,512,二董牛肉麵,restaurant,25.0199408,121.4970695
3849103545,248,霸味薑母鴨石牌店,restaurant,25.1199312,121.5095787
6054976960,325,人間煙火,restaurant,25.0884306,121.5237558
7170215704,397,素越美食,restaurant,25.0630593,121.5028570
7211425704,374,好食雞,restaurant,25.0816745,121.6962108
5110348661,439,蜂蜜咖啡,cafe,25.0442290,121.5440754
6329956666,439,樓下咖啡,cafe,25.0441473,121.5420122
7138715809,214,炒麵炒飯,restaurant,25.1356982,121.5049216
4198238555,438,金珍古早味,restaurant,25.0513119,121.5311910
7037337605,437,宥祐素食坊,restaurant,25.0472145,121.5147494
4205229658,439,山西番茄牛肉麵,restaurant,25.0559970,121.5461347
4166101754,478,框影咖啡,cafe,25.0302037,121.5616213
6499848142,438,Louisa Coffee,cafe,25.0527422,121.5189822
7018522414,507,皇家吉利堡,restaurant,25.0241733,121.4242492
4524318972,601,木山廚房,restaurant,24.9966052,121.5407391
3423127568,388,佳味鮮便當麵食,restaurant,25.0594287,121.3682655
4865690221,402,我家牛排,restaurant,25.0616262,121.5663419
7211425526,479,犇麵館,restaurant,25.0353407,121.5771086
6127553942,593,春水堂,cafe,24.9950763,121.4285349
4913299917,476,永康階,cafe,25.0312114,121.5302548
5205809421,249,Starbucks coffee 星巴克咖啡,cafe,25.1185115,121.5276971
2976031810,407,鼎泱越南蔬食館,restaurant,25.0643354,121.6416847
3928061420,216,媽媽樂早餐店,restaurant,25.1371792,121.5415322
7194706731,361,米哥烘焙坊,restaurant,25.0719118,121.5157121
5699180234,477,花漁新和風料理,restaurant,25.0325523,121.5437865
5805935468,388,灰熊好丼,restaurant,25.0588863,121.3684094
6096095927,325,哇脆皮炸雞,restaurant,25.0885948,121.5212661
5636560085,396,Sweet榛果樂幸福鍋物,restaurant,25.0616221,121.4836467
5599441827,476,甘泉魚麵,restaurant,25.0394439,121.5325404
4293261322,698,龍牙茶坊,restaurant,24.9672001,121.5989245
4193132794,476,矢場味噌豬排,restaurant,25.0340317,121.5291607
7174571369,515,美美平價火鍋,restaurant,25.0216952,121.5407141
2094936617,476,吉野家,fast_food,25.0335870,121.5274150
4364174989,475,建弘雞肉飯,restaurant,25.0306960,121.5173830
6546342385,408,吉野家,restaurant,25.0621463,121.6528778
5101412125,475,囍愛義廚館,restaurant,25.0416979,121.5056309
5201261121,249,明月館韓國烤肉,restaurant,25.1120253,121.5306169
5884549971,470,Goodday 加州墨西哥餐廳,restaurant,25.0332062,121.4363217
1720282439,405,摩斯漢堡 MOS Burger,fast_food,25.0569453,121.6119544
6389111668,324,三媽臭臭鍋,restaurant,25.0885625,121.5084910
2293203432,399,美而美早餐店,restaurant,25.0675635,121.5242864
5198337982,762,八方雲集鍋貼水餃專賣店,restaurant,24.9432897,121.3745332
7130799946,400,紫竹林滴水坊,restaurant,25.0615740,121.5460869
7194706701,651,迎仙珍館,restaurant,24.9790306,121.5897174
5917357478,507,好農夫自助餐,restaurant,25.0210992,121.4222633
5110269764,439,Hoka Coffee,cafe,25.0483064,121.5334989
6120906039,324,阿琴自助餐,restaurant,25.0914290,121.5180732
2157319344,438,一番館 日式無煙燒肉,restaurant,25.0549297,121.5322860
6725457172,601,佳和牛麵館,restaurant,25.0021672,121.5375987
4552484291,437,Love Vegetaria,restaurant,25.0541991,121.5104026
3292036276,478,Zoo Cafe 動物園野餐咖啡,restaurant,25.0384990,121.5548231
4031296812,439,何首烏皇帝雞餐廳,restaurant,25.0492428,121.5336961
5108743115,601,好菜場生猛海鮮,restaurant,25.0002205,121.5437450
4451773492,399,丸林魯肉飯,restaurant,25.0649530,121.5292520
3835347350,649,廣東粥,restaurant,24.9840539,121.5594606
3596859031,325,海豐生猛活海鮮,restaurant,25.0883893,121.5237877
2756655300,437,上頂皇家素食水煎包,fast_food,25.0450802,121.5161713
6024242661,600,鮮味餡餅,restaurant,24.9971120,121.5235328
5405185432,139,Yuki早餐店,restaurant,25.1686410,121.4476205
7368631864,397,小火龍肉羹,restaurant,25.0638972,121.4993800
3337457976,640,瑞麟美而美,restaurant,24.9828021,121.4166095
5209958853,439,辣麻味噌拉麵鬼金棒,restaurant,25.0528260,121.5340563
7175344614,514,青田藝集,restaurant,25.0283896,121.5318831
2816066962,367,龍涎居雞膳食坊,restaurant,25.0795195,121.5934093
5564542417,444,大南港永和豆漿,restaurant,25.0551921,121.6124945
7211439846,440,楊基麵線,restaurant,25.0477970,121.5576800
7170215729,365,帝一帝王蟹吃到飽,restaurant,25.0825084,121.5644711
5110349492,366,日本人氣牛胴,restaurant,25.0799393,121.5903901
4571256562,139,丹式食堂,restaurant,25.1775198,121.4508716
7194693258,362,Laya Burger,restaurant,25.0752391,121.5194551
5110489810,399,富爸爸豬腳大王,restaurant,25.0634385,121.5244285
7169581019,440,加寶多,restaurant,25.0495555,121.5549830
3098195551,439,豪季水餃專賣店,restaurant,25.0539277,121.5351277
7211419033,374,爆漿奶油車輪餅,restaurant,25.0823690,121.6961683
5101412127,397,Domino's Pizza,restaurant,25.0632022,121.4900085
3716532367,352,老鄧擔擔麵,restaurant,25.0783374,121.3731771
3658371844,650,大胖小吃(廢墟),restaurant,24.9878334,121.5750742
4429728194,398,涼州街無名涼麵,restaurant,25.0607724,121.5149504
5110580385,542,鄉野便當,restaurant,25.0160638,121.9445780
2643621270,353,諾麗義大利麵,restaurant,25.0781328,121.3927109
4018211293,439,君悅排骨,restaurant,25.0535985,121.5451843
4820442577,433,金磚咖啡,cafe,25.0447727,121.4448506
3587225994,478,楊記大混沌,restaurant,25.0410371,121.5569064
3444671406,552,山東最佳典飯,restaurant,25.0058508,121.4619507
2450658705,441,超初文創,cafe,25.0431484,121.5629053
5181838670,507,永和豆漿,restaurant,25.0197891,121.4208123
7169581014,440,清香火鍋城,restaurant,25.0487865,121.5562478
2297829261,367,彩虹園蔬食小館,restaurant,25.0804870,121.5926705
2244030053,439,Cama,cafe,25.0517017,121.5393479
3222754261,139,淡水雞腿達人,restaurant,25.1773787,121.4484713
4005167905,477,慢步調,cafe,25.0421207,121.5416894
6028680762,593,秀基雞肉攤,restaurant,24.9939632,121.4273558
3200943837,438,高記,restaurant,25.0516280,121.5226114
3704217225,438,一江紅麵線,restaurant,25.0544751,121.5314451
3286110741,438,天廚菜館,restaurant,25.0524409,121.5220234
5768723237,325,Modern Toilet,restaurant,25.0895974,121.5268281
2518367572,601,巧沛東方美漢堡/三明治,restaurant,24.9935204,121.5396624
6418121459,514,Uni Café,cafe,25.0215600,121.5232703
4344542422,438,公寓咖啡館,restaurant,25.0551426,121.5212395
6242158926,602,廬山牛肉麵,restaurant,25.0003100,121.5553187
3286110744,514,鳳城燒臘,restaurant,25.0181678,121.5316510
2639182802,408,車頭涼麵,restaurant,25.0687847,121.6611899
4121544833,439,慶城海南雞飯,restaurant,25.0527917,121.5456412
6074060674,325,LATTEA,cafe,25.0896871,121.5232595
7138715813,214,水都溫泉拉麵,restaurant,25.1367908,121.5110617
6855627861,248,八方雲集,restaurant,25.1170932,121.5125053
3322964739,601,老凃食堂,restaurant,24.9937481,121.5408089
7235635390,437,九九炙燒牛排,restaurant,25.0478103,121.5178183
4325693471,476,天仁茗茶,cafe,25.0336312,121.5291190
2772748954,648,炎官炭火燒肉,restaurant,24.9832400,121.5411147
4329769300,438,欣葉,restaurant,25.0520594,121.5212795
3438534293,734,鮮點子早餐,restaurant,24.9568444,121.5384236
3656918026,606,麻醬麵,restaurant,25.0010966,121.6119980
2320351790,287,澡咖,cafe,25.1060589,121.5223623
7211425728,480,正宗專業潤餅,restaurant,25.0378625,121.5782932
6099310886,439,食焱厰,restaurant,25.0521255,121.5479935
3840863141,601,Pizza Hut,restaurant,25.0013522,121.5389801
7296140588,138,呷七碗,restaurant,25.1695272,121.4412614
7370705540,365,客美多咖啡 Komeda‘s Coffee - 西湖店,cafe,25.0814859,121.5654193
7095347123,477,東京油組總本店,restaurant,25.0406636,121.5478688
2188360121,400,川賀卡燒烤,restaurant,25.0573696,121.5390550
3835342090,649,花猴子,restaurant,24.9833504,121.5622369
4524863734,400,創咖啡,cafe,25.0609257,121.5425232
7211425744,443,兄弟鹽酥雞,restaurant,25.0563553,121.6055994
6968510794,507,魯十二,restaurant,25.0266879,121.4270506
2928831444,139,幸福屋丼物料理專賣店,restaurant,25.1697256,121.4448450
4820634511,561,東南科技大學學生第一餐廳,restaurant,25.0033910,121.6047203
5344605623,551,隨緣素食,restaurant,25.0033638,121.4573510
2826002442,477,重慶抄手,restaurant,25.0336473,121.5387809
2804200291,512,大城餃子館,restaurant,25.0220590,121.5020026
7194706804,216,亞尼克夢想村,restaurant,25.1373243,121.5437955
3458765271,597,小牛車精緻全自助餐,restaurant,24.9964856,121.4812159
2813373779,366,福聚小吃,restaurant,25.0817693,121.5912776
7004212087,477,常夜燈,restaurant,25.0400861,121.5367348
2300974256,367,通化老師傅牛雜湯,restaurant,25.0796873,121.5933078
5564542410,444,琪林食堂,restaurant,25.0557481,121.6116829
4398333801,512,肯德基,fast_food,25.0254373,121.5003004
3840862929,438,八方雲集,restaurant,25.0556037,121.5303119
6699805979,515,紅蔥,restaurant,25.0159369,121.5431584
4449757834,438,許記燒辣,restaurant,25.0497578,121.5197498
1720016588,363,Starbucks,cafe,25.0835684,121.5461965
6578286277,441,真福記烤鴨,restaurant,25.0490290,121.5653944
6090446034,325,以利泡泡冰,restaurant,25.0882007,121.5240177
2927068879,138,大勇麵線之家,restaurant,25.1774673,121.4436122
7052738997,439,蕭園炒餅,restaurant,25.0489269,121.5360551
3451793094,601,龍哥食堂,restaurant,24.9923292,121.5397756
4544196050,514,第一樓,restaurant,25.0287904,121.5208961
3451792593,601,新素坊,restaurant,24.9912628,121.5411456
4254654847,439,18食堂鐵板料理,restaurant,25.0539284,121.5340094
7277460639,600,金仙蝦卷飯,restaurant,24.9997071,121.5229699
2966219726,437,三來健康素食,restaurant,25.0441368,121.5122657
7175344635,441,東發號 油飯・麵線,restaurant,25.0503333,121.5742129
3953673662,440,全國健康素食,restaurant,25.0528394,121.5608083
3767530265,648,吉祥素食自助餐,restaurant,24.9886818,121.5410000
5182136401,325,儂特利 Lotteria,fast_food,25.0943503,121.5211679
3704355304,516,伍拙咖啡,restaurant,25.0242574,121.5533196
3232612071,405,逢萊美自助餐,restaurant,25.0688213,121.6143862
5110348632,516,同客餃子館,restaurant,25.0229544,121.5550945
7211425721,442,白氏 魷魚鹹酥雞,restaurant,25.0442071,121.5844255
3860789109,593,Sari Rasa印尼料理,restaurant,24.9907370,121.4235570
4143011639,648,韓成之家,restaurant,24.9812002,121.5442452
2784759987,551,壹咖啡,cafe,25.0085960,121.4501159
4269582539,439,兄弟小館,restaurant,25.0510470,121.5433041
3236369598,475,樺林乾麵,restaurant,25.0378750,121.5079493
3104850036,690,nook coffee,cafe,24.9623724,121.4798050
2462876039,601,必勝客歡樂吧,restaurant,24.9922924,121.5442720
5236317725,287,佳香豬腳專賣店,restaurant,25.1080344,121.5284306
2643672619,353,山西刀削麵,restaurant,25.0785343,121.3896355
1832682808,365,肯德基,fast_food,25.0823579,121.5648914
2308078425,330,奈司可樂餅店,restaurant,25.0847476,121.5935731
3299885798,439,香師傅鹵味,restaurant,25.0539294,121.5339287
4169581986,506,85度C,cafe,25.0174652,121.4027843
3632426567,551,必勝客PizzaHut,fast_food,25.0091713,121.4538358
7194706717,603,早安找點,restaurant,24.9905109,121.5737988
2473232923,515,大蒜,restaurant,25.0238042,121.5429957
4361830538,437,金春發牛肉店,restaurant,25.0527407,121.5131052
7365923876,397,曾記花枝羹,restaurant,25.0671968,121.4982403
3884736563,406,85度C,cafe,25.0655427,121.6315035
4267850190,762,蔚藍食府,restaurant,24.9437937,121.3809124
3347627732,640,池上稻香便當,restaurant,24.9809904,121.4185835
3887310082,437,星巴克,cafe,25.0460831,121.5140907
7211425764,403,五祿米糕排骨酥,restaurant,25.0687503,121.5861999
7004248037,364,麻膳堂,restaurant,25.0832709,121.5571699
4150685042,437,台博館-石尚咖啡輕食館,restaurant,25.0437223,121.5143676
7211425595,480,紅蘋果烘焙坊,restaurant,25.0390650,121.5864892
3412093294,139,鮮富洋食館,restaurant,25.1745437,121.4528176
3040355633,138,悠朵拉咖啡館,cafe,25.1691124,121.4434138
5110488990,602,臭豆腐,restaurant,24.9985631,121.5570024
2935624099,394,正群牛肉麵,restaurant,25.0665410,121.4594335
2307156614,366,壹咖啡,cafe,25.0818862,121.5912264
4298881351,557,泰豐味,restaurant,25.0141380,121.5342190
3571811415,475,hot7,restaurant,25.0377559,121.5061166
4819415321,327,麥味登 內湖文湖店,restaurant,25.0867233,121.5622850
4524344003,648,米尼美式餐廳,restaurant,24.9826745,121.5380038
3146899371,601,林記港式撈麵館,restaurant,24.9994322,121.5393492
2395778707,471,吉野家,fast_food,25.0352086,121.4488281
3522084126,475,必勝客,fast_food,25.0307147,121.5160217
5875366074,475,Oven Cafe,cafe,25.0428069,121.5061927
5110245042,514,家園小館,restaurant,25.0282372,121.5222042
6323106716,478,黑醮食堂,restaurant,25.0351236,121.5604555
3307881906,440,蜀辣川菜烤魚麻辣鍋,restaurant,25.0444137,121.5507332
3731275518,723,早餐優選 北大店,restaurant,24.9490446,121.3779682
7175344731,368,阿枝早點,restaurant,25.0752150,121.6174415
7130799967,440,新八珍燒臘,restaurant,25.0525236,121.5580893
6813742609,593,Louisa Coffee,cafe,24.9902200,121.4228075
5109347760,514,甘泉魚麵,restaurant,25.0230219,121.5285902
3818988792,514,小公館牛肉麵,restaurant,25.0194339,121.5298009
5109347748,514,LA Pizza,restaurant,25.0224464,121.5288003
7153752258,439,惠姐 臭臭鍋,restaurant,25.0446398,121.5344196
4082740390,516,JnF義大利麵,restaurant,25.0207002,121.5547215
4120112795,139,柴廚,restaurant,25.1769924,121.4517983
3412211298,598,衛武營,restaurant,24.9985519,121.4989196
4359025064,442,金春發牛肉店,restaurant,25.0497216,121.5917977
5110348779,478,Crown,cafe,25.0332708,121.5578241
2912374701,138,佘家孔雀蛤大王,restaurant,25.1691730,121.4417295
4574573816,516,永和豆漿店,restaurant,25.0233095,121.5555691
7211522197,437,苦茶之家,restaurant,25.0513471,121.5140495
7169581020,440,媽咪廚房,restaurant,25.0495819,121.5551726
3547976746,438,吉野家,restaurant,25.0494586,121.5227316
7194706930,603,三媽臭臭鍋,restaurant,24.9913562,121.5738115
4754476220,477,春申食府,restaurant,25.0375290,121.5477626
5951206324,513,摩斯漢堡,fast_food,25.0255247,121.5042919
3304641825,440,CHURRO'K,cafe,25.0436439,121.5492693
3596859026,439,喜揚揚,restaurant,25.0468952,121.5417348
7130799928,401,大一德傳統蔥油餅,restaurant,25.0582802,121.5519432
2643718538,353,宜蘭滷之鄉,restaurant,25.0795320,121.3883730
3586313794,438,漢堡王,fast_food,25.0441133,121.5314006
5859230939,507,吉得堡漢堡 新民店,restaurant,25.0251892,121.4243635
3066879539,408,天然素食,restaurant,25.0677727,121.6621224
7175344623,512,什錦麵,restaurant,25.0196084,121.5013797
5110245079,514,西班牙風味小館,restaurant,25.0264047,121.5197817
6027010501,439,家宏燒臘,restaurant,25.0561318,121.5415524
4123034988,437,樂麵屋,restaurant,25.0456050,121.5142551
3033188230,601,Louisa Coffee,cafe,24.9930323,121.5419064
7194706722,603,Trattoria al Sole,restaurant,24.9897672,121.5736348
7175334771,366,阿桃紅豆餅,restaurant,25.0782512,121.5813914
7170215790,366,小太陽素食,restaurant,25.0817912,121.5913107
3687762590,476,廖家牛肉麵,restaurant,25.0303064,121.5254054
4114194289,514,名苑小火鍋,restaurant,25.0260762,121.5282578
5110491031,438,Kuma Cafe Taipei,restaurant,25.0519594,121.5242221
3910209358,138,彩日式拉麵,restaurant,25.1696380,121.4432040
7195145073,640,麥味登,restaurant,24.9797790,121.4222983
7194693231,482,新鮮大堡堡,restaurant,25.0338803,121.6134953
4334083603,438,悟饕健康米食新主張,restaurant,25.0481397,121.5331656
7175344772,366,鼎越鴻越南美食館,restaurant,25.0781824,121.5795373
4451141435,211,絕配Pasta,restaurant,25.1358381,121.4615528
4362345768,694,可口豬腳大王,restaurant,24.9747967,121.5371898
2946896598,514,柒食貳餐廳,restaurant,25.0197387,121.5327913
7194706918,361,大龍街香菇肉粥,restaurant,25.0738631,121.5140163
2310591239,476,鬍鬚張魯肉飯,restaurant,25.0331513,121.5269104
4524863586,477,富興園,restaurant,25.0358544,121.5439138
7211419064,444,蕃茄紅了,restaurant,25.0561259,121.6126911
4007798812,601,上園肉羹,restaurant,24.9898242,121.5416383
7194706685,368,夏姿林,restaurant,25.0746489,121.6149422
5405206186,139,瞇瞇眼自家烘焙咖啡館,cafe,25.1730287,121.4494964
4995236721,408,牧童,restaurant,25.0634594,121.6549218
2913782976,139,宵夜500,restaurant,25.1738418,121.4516977
3860789125,593,TOKO DORA JAYA,restaurant,24.9900498,121.4231833
3188285418,650,南山小吃,restaurant,24.9867747,121.5679082
6413241121,439,Cama,cafe,25.0479204,121.5458542
4205230080,439,長春涼麵,restaurant,25.0560199,121.5407647
4193132795,439,瞞著爹 壽司丼 (3店),restaurant,25.0464859,121.5454004
7001372012,433,魔法義大利,restaurant,25.0485405,121.4524224
7330746358,557,丹堤咖啡,cafe,25.0144599,121.5378915
7175344618,211,家傳味擔仔麵,restaurant,25.1285033,121.4693600
3939157984,479,Vapiano,restaurant,25.0353960,121.5660395
2013717673,476,上海來鄉村小館,restaurant,25.0413685,121.5318129
6876041261,602,金仙蝦捲,restaurant,25.0008837,121.5495828
3835835004,325,悟饕池上飯包,restaurant,25.0848858,121.5194511
4150685035,437,點水樓-懷寧店,restaurant,25.0438751,121.5140390
2656074196,441,千翔食品,restaurant,25.0515648,121.5658992
3377063671,515,La Clé D'or,restaurant,25.0267741,121.5418907
7211425539,479,喝一杯,restaurant,25.0346914,121.5763865
7118647628,515,寶貝咖哩,restaurant,25.0194336,121.5336256
7194706890,650,永康街左撇子,restaurant,24.9878850,121.5766070
7211425692,480,老地方小豪華餐盒,restaurant,25.0366619,121.5797671
4198249714,438,韓宮,restaurant,25.0485655,121.5321798
5666895654,399,學餐:滷味,restaurant,25.0659490,121.5216617
4200642650,602,JJ Coffee,cafe,25.0009907,121.5497765
4451141436,211,樹男咖啡館,cafe,25.1375707,121.4620870
5891925903,360,麥當勞,fast_food,25.0833974,121.4919447
2446576182,437,和歌壽司,restaurant,25.0438275,121.5130712
6269280523,601,呷尚寶,restaurant,24.9993206,121.5474853
4384259218,648,集客,restaurant,24.9830207,121.5429019
6120728242,325,香港鑫記燒臘,restaurant,25.0942127,121.5217237
4201921589,476,杭州小籠湯包,restaurant,25.0340787,121.5237494
5504621681,680,85度C,cafe,24.9692287,121.3291884
5759049533,437,台灣航海王專賣店 西門店,restaurant,25.0452109,121.5045106
5875366012,475,牛公館牛肉麵,restaurant,25.0425251,121.5058105
4298881349,557,東園關東煮,restaurant,25.0144147,121.5337142
5558279792,467,WD 我的早餐,restaurant,25.0395839,121.3893139
4969864527,507,大使館 咖啡專賣店,cafe,25.0235604,121.4251457
3341995420,640,全多麥早餐,restaurant,24.9821821,121.4210006
4269582587,439,郭家川味牛肉麵,restaurant,25.0511067,121.5434787
5563819318,397,すき家,restaurant,25.0606363,121.4929973
5712940241,442,八方雲集,restaurant,25.0485080,121.5799285
4344542415,438,仁川韓娘,restaurant,25.0499685,121.5268733
5551910322,477,老虎醬溫州大餛飩,restaurant,25.0336585,121.5391768
4414859594,188,儷宴會館,restaurant,25.1397777,121.5061960
3835339704,649,佳品早餐店,restaurant,24.9831065,121.5623314
6242158922,602,禎記滷味,restaurant,24.9996221,121.5555467
3673124340,393,肯德基,fast_food,25.0589870,121.4311931
3079655529,441,清心福全冷飲站,cafe,25.0515741,121.5652399
5746533955,447,藍天咖啡,cafe,25.0542171,121.6635948
5894571539,352,潮味決,restaurant,25.0759285,121.3855621
4353617480,399,麵店,restaurant,25.0575672,121.5210014
3750216514,553,拉亞漢堡,restaurant,25.0094138,121.4746647
7138715792,213,牛霸小吃店,restaurant,25.1332804,121.5027839
2755478349,476,建北黑糖刨冰,restaurant,25.0395669,121.5235400
7037337600,475,費太太,restaurant,25.0424609,121.5174444
3412155093,601,四海游龍景美店,restaurant,24.9928969,121.5435332
7175344640,249,義美見學餐廳,restaurant,25.1200791,121.5197865
4446911291,396,STARBUCKS COFFEE,cafe,25.0616324,121.4886886
3290337643,510,油庫口蚵仔麵線 漢生分店,restaurant,25.0167145,121.4658210
5110490273,438,香港九記海鮮,restaurant,25.0547498,121.5279673
3066154833,138,G12,restaurant,25.1692025,121.4414238
4113575898,444,北大荒水餃店,restaurant,25.0549899,121.6111267
5110488946,439,火鍋粵式豬肚堡鍋,restaurant,25.0517244,121.5374164
5950275713,365,費尼餐廳,restaurant,25.0784416,121.5684129
7170215703,397,呷尚寶,restaurant,25.0631960,121.5028933
2614374653,597,McDonald's,fast_food,24.9952072,121.4811169
3195624640,441,六媽臭臭鍋,restaurant,25.0505909,121.5718114
3955430405,440,弘爺漢堡,restaurant,25.0532541,121.5608067
7095347122,477,老友記粥麵飯館,restaurant,25.0408434,121.5474384
2076176372,341,猴子書房,restaurant,25.0844408,121.8269760
4520657327,514,My Home Steak,restaurant,25.0265690,121.5205587
3740826731,725,快炒100,restaurant,24.9600611,121.4034926
4801327721,365,六品中式料理餐廳,restaurant,25.0788321,121.5711924
5160674307,433,溢鼎小館,restaurant,25.0448863,121.4451569
3670374320,478,焗御坊,restaurant,25.0419282,121.5551862
5588102409,470,勁牛肉麵館,restaurant,25.0314806,121.4338267
7194706712,398,武吉家,restaurant,25.0658384,121.5132298
3036853433,139,飽嗝。Burger,restaurant,25.1697160,121.4448915
7175334757,479,廣集品廣東粥,restaurant,25.0403468,121.5770511
3743078431,515,瑞安自助餐,restaurant,25.0286399,121.5404601
5286843330,602,歐樹小廚,restaurant,24.9991423,121.5573168
6182991546,433,瓦城,restaurant,25.0492439,121.4481627
7194706805,444,永和豆漿,restaurant,25.0471051,121.6156376
3867437306,648,石二鍋,restaurant,24.9827706,121.5422996
2698212020,514,樂智樓廣場,restaurant,25.0262637,121.5282201
4838087657,513,洞咖哩,restaurant,25.0290017,121.5051836
7211425781,480,大溪紅油抄手,restaurant,25.0371893,121.5793832
2755478334,476,三禾米粉湯,restaurant,25.0398334,121.5223110
2949646074,399,女王漢堡炸雞,restaurant,25.0655908,121.5228525
7175344624,442,煌鑫越南美食,restaurant,25.0512357,121.5786035
2880238726,439,又一村水餃店,restaurant,25.0488123,121.5422314
2355618194,694,泰來香燒臘快餐,restaurant,24.9661006,121.5406248
6776859722,515,洪爺麻辣火鍋,restaurant,25.0285829,121.5432146
5250516421,325,土魠魚羹,restaurant,25.0893155,121.5248919
5174028733,249,Dayunds Drink shop,cafe,25.1185179,121.5287843
3270539129,438,Galeria Bistro,cafe,25.0532141,121.5202631
4085141428,595,南亞小館,restaurant,24.9964518,121.4517788
7211419047,480,彌勒佛素食,restaurant,25.0369955,121.5790757
6720844007,398,擺渡咖啡,cafe,25.0593296,121.5113503
7194706721,696,野山土雞園,restaurant,24.9668262,121.5671969
7194706889,288,至誠豆漿坊,restaurant,25.1011714,121.5371258
3232530053,405,阿伯蛋包麵,restaurant,25.0680603,121.6121001
7194706912,329,隨義坊,restaurant,25.0846231,121.5808216
5551944273,515,大埔鐵板燒,restaurant,25.0278415,121.5432526
4122381689,510,星巴克萬板門市,cafe,25.0223026,121.4720478
2181170720,444,麥味登,restaurant,25.0520194,121.6171632
4200643102,558,泰好味泰式料理,restaurant,25.0031451,121.5506167
6354698706,439,溫州大餛飩,restaurant,25.0453828,121.5436430
4326372454,139,來喫麵,restaurant,25.1771320,121.4493292
7133067386,555,四哥好吵,restaurant,25.0059416,121.5080704
5916551418,388,寶島甜不辣,restaurant,25.0591549,121.3702440
4735551417,368,喬記,restaurant,25.0709491,121.6096716
4043569615,371,謝媽媽牛肉麵,restaurant,25.0726343,121.6618483
3034547600,439,食寨海鮮餐廳,restaurant,25.0513764,121.5402855
1837919644,328,六姊刨冰,restaurant,25.0839105,121.5673740
7211425559,480,專獵牛排,restaurant,25.0390754,121.5863931
3867798197,557,小旺號,restaurant,25.0138310,121.5347003
3710925775,470,永和豆漿大王,fast_food,25.0323421,121.4330057
274939245,167,Starbucks,cafe,25.1524559,121.5472666
7170215747,443,秘密基地,restaurant,25.0536343,121.5923599
5108706598,648,Subway,fast_food,24.9752913,121.5433327
3707814415,762,瑞麟美而美,restaurant,24.9427338,121.3789250
5109347805,514,阿里港,restaurant,25.0183229,121.5316758
7211425617,442,南港抓餅,restaurant,25.0464640,121.5883358
3667065441,3,安娜咖啡,cafe,25.2910076,121.5610799
4837986443,516,Beer & Cheese,restaurant,25.0284976,121.5571009
5556141254,476,大塊牛肉麵,restaurant,25.0390981,121.5255610
3216077742,476,吳留子串燒,restaurant,25.0310407,121.5288208
7365923870,397,素食滷味,restaurant,25.0648598,121.4991324
4783921221,324,粥師傅廣東粥,restaurant,25.0857592,121.5096531
3514498893,185,竹圍小籠包,restaurant,25.1379011,121.4601609
7004212088,477,懷食便當,restaurant,25.0402683,121.5368012
3145515542,648,白帝城精緻涮鍋,restaurant,24.9845218,121.5423599
6153516261,475,三味香,restaurant,25.0414796,121.5105239
3812406086,601,瑞麟美而美,restaurant,24.9950434,121.5420536
3812406127,601,醇品麵食館,restaurant,24.9946776,121.5415443
6514349839,440,路易莎,cafe,25.0518410,121.5530509
7365964047,397,香Q彰化肉圓大腸麵線香酥臭豆腐,restaurant,25.0654250,121.4989556
5956649387,326,貝殼之家,restaurant,25.0952632,121.5445241
5458657191,438,知多家,restaurant,25.0544890,121.5246465
3292774944,510,中華一餅板橋文化店,restaurant,25.0189163,121.4653647
6569447328,437,湖南飲食棧,restaurant,25.0432006,121.5045914
4609562922,325,MB WHITE COFFEE,restaurant,25.0960822,121.5284740
6099306393,439,合味拉麵,restaurant,25.0430062,121.5467053
2912997587,475,麥食達,restaurant,25.0429048,121.5139633
2310535504,437,鴨肉扁,restaurant,25.0442597,121.5084405
3196909459,440,上島咖啡店,cafe,25.0480523,121.5517250
6457436836,555,漢堡王 永和頂溪店,fast_food,25.0146541,121.5155513
5158395221,287,桂食坊,restaurant,25.0977582,121.5267434
2975425048,603,85度C,cafe,24.9890298,121.5634796
4940848884,514,Pica Pica Cafe,cafe,25.0210633,121.5318467
7170215745,443,粗飽早午餐,restaurant,25.0533535,121.5927523
3859995041,602,德國農夫廚房,restaurant,25.0003246,121.5521909
7175344793,441,龍涎居雞膳食坊,restaurant,25.0506051,121.5753981
3939157982,480,Sasha's Burger,restaurant,25.0407435,121.5780066
7194706756,364,Mark’s Teppanyaki,restaurant,25.0805728,121.5590996
5187710421,325,大塊牛排,restaurant,25.0925580,121.5253707
4033360496,601,任園老爹麵館,restaurant,24.9953428,121.5474688
3727564526,439,繼光香香雞,restaurant,25.0537126,121.5336957
6763209777,478,珍膳園,restaurant,25.0397766,121.5525399
4325693416,476,一代佳人炭烤,restaurant,25.0319188,121.5328272
6549014569,476,東北斤餅,restaurant,25.0300120,121.5271340
3835835557,362,劍潭自助餐,restaurant,25.0812678,121.5209991
6804331786,510,新疆麵食館,restaurant,25.0186512,121.4623896
3662465218,648,炸老大 -【新店】北新店,restaurant,24.9801924,121.5421426
3148707645,399,拉亞漢堡,restaurant,25.0653533,121.5229592
3430332185,554,肯德基中和福祥店,fast_food,25.0029033,121.4988776
4820442553,471,三角窗鵝肉,restaurant,25.0387560,121.4477581
7211425532,443,港霖燒臘,restaurant,25.0545837,121.5956367
3729254266,396,豪美自助餐,restaurant,25.0633470,121.4854391
7175344791,249,洪祖師擔仔麵,restaurant,25.1201409,121.5198143
7095347119,477,祥發港式茶餐廳,restaurant,25.0401083,121.5459377
3722128696,515,老圓環,restaurant,25.0286873,121.5411307
5136762157,512,路易莎咖啡,cafe,25.0291141,121.5023035
2727090703,554,津榮飯包,restaurant,25.0024027,121.4953591
4646571690,144,杉木林餐廳,restaurant,25.1776430,121.5309600
3981536201,403,天下第一味熱炒,restaurant,25.0698885,121.5833754
4336484489,401,裙帶,cafe,25.0583121,121.5607099
2124843059,399,摩斯漢堡,fast_food,25.0576534,121.5197945
7211425680,336,芳鄰熱炒海鮮店,restaurant,25.0849604,121.6949428
5280999822,322,楊媽媽阿給小吃店,restaurant,25.0843510,121.4777000
2297956776,367,香鴨村,restaurant,25.0798572,121.5926738
4524863574,515,四海豆漿大王,restaurant,25.0289386,121.5432375
4552365237,139,金氏韓國料理,restaurant,25.1773451,121.4498559
2473958462,511,Tea Store,cafe,25.0276885,121.4789658
5211544532,249,吳記甜不辣,restaurant,25.1121526,121.5286259
5256901922,287,伊帕克咖啡,cafe,25.1106656,121.5295338
4039746939,721,巨森早餐吧,restaurant,24.9569598,121.3538562
5286843335,602,伊吉邦鍋貼店,restaurant,24.9989386,121.5577804
7194706887,362,小廚房復合式早餐店,restaurant,25.0707045,121.5195313
4325694221,606,麻醬麵,restaurant,25.0010446,121.6117505
7004248042,364,靜岡勝政日式豬排,restaurant,25.0833695,121.5575143
7194706985,325,匠子紅,restaurant,25.0931476,121.5272713
3103265501,439,韓食村,restaurant,25.0532041,121.5340560
5492163047,479,初衷小鹿原味鍋物,restaurant,25.0415014,121.5655459
3909253701,640,香雞排,restaurant,24.9793358,121.4186691
6156191722,478,瑞麟美而美,restaurant,25.0336826,121.5591308
7170215746,443,日日香美食屋,restaurant,25.0537668,121.5926082
6600388717,439,讚岐本家,restaurant,25.0533918,121.5448473
6860694271,408,一日三餐,restaurant,25.0636389,121.6555416
2928871200,438,佐曼咖啡,cafe,25.0531991,121.5205488
2611788713,596,麥當勞,fast_food,25.0001326,121.4634648
3846216569,650,CalaCala,restaurant,24.9824486,121.5635707
6924514555,476,手工水餃,restaurant,25.0361835,121.5273946
6411375693,477,會面吧,cafe,25.0402490,121.5382233
4452637492,551,隱居風味居酒屋,restaurant,25.0085761,121.4580565
3665459736,116,鬍鬚張魯肉飯,restaurant,25.1827514,121.4445961
6677060168,506,美而美,cafe,25.0166796,121.4083191
5245553522,325,五豬牛排,restaurant,25.0892130,121.5244550
2348919661,438,肥老吉羊肉焿,restaurant,25.0513807,121.5291208
7194706861,603,191 enjoy 早餐店,restaurant,24.9934734,121.5739879
5917357169,507,隨緣齋,restaurant,25.0196449,121.4215872
3889230211,399,丹提咖啡,cafe,25.0625934,121.5213352
4325693899,438,肯德基,fast_food,25.0439167,121.5314337
6140337453,514,安子食,restaurant,25.0195321,121.5310943
7150030202,477,秋料理,restaurant,25.0346502,121.5474799
3323095422,438,蛙喜廚房BRUNCH PASTA,restaurant,25.0531480,121.5309957
4421231694,506,龍安羊肉焿,restaurant,25.0211622,121.4138208
871368441,444,cama,cafe,25.0550853,121.6135685
5534938268,211,路易莎咖啡,cafe,25.1372917,121.4597890
2755478355,438,好吃雞肉飯,restaurant,25.0433756,121.5243098
5236356422,287,花蓮扁食,restaurant,25.1080536,121.5284087
5760072321,442,花月蘭,restaurant,25.0491002,121.5796172
3917914287,514,一番地壽喜燒,restaurant,25.0262922,121.5188663
2686175541,552,豐鼎樓,restaurant,25.0118426,121.4595976
4745186622,366,Joker,cafe,25.0738838,121.5798904
7170215709,398,素麵線攤,restaurant,25.0636843,121.5110369
4986160928,437,永和豆漿大王,restaurant,25.0454408,121.5073923
2146172802,400,西雅圖極品咖啡 (Barista Coffee),cafe,25.0625748,121.5411317
2772749016,648,韓鄉村,restaurant,24.9837064,121.5410417
3908148252,438,藝術村餐坊,cafe,25.0468391,121.5223925
3685909072,352,合浦刀切麵食,restaurant,25.0789515,121.3737017
3337457980,640,將軍複合式早餐店,restaurant,24.9824373,121.4159183
4329768662,601,炸魷魚炸雞排,restaurant,24.9953717,121.5459543
7175344790,476,當家小食堂,restaurant,25.0312374,121.5273490
7211419023,404,鐵家麵線,restaurant,25.0565729,121.6032353
4423091663,397,兩披索,restaurant,25.0690872,121.4956516
4524863578,439,興安四海豆漿,restaurant,25.0558989,121.5425291
4834803706,515,星巴克,cafe,25.0172119,121.5448338
3710925777,470,肯德基,fast_food,25.0324336,121.4333008
4265726135,437,永和豆漿,restaurant,25.0538858,121.5134528
6028851341,438,考乍熋宝,restaurant,25.0495828,121.5217453
1944052156,326,大門匚,restaurant,25.0839983,121.5468102
3463539667,598,大樹小食,restaurant,24.9949466,121.5019136
7194706829,362,尚品香,restaurant,25.0706002,121.5189701
4838087664,437,櫻桃複合式早午餐,restaurant,25.0456847,121.5107119
4150685054,437,八芳早餐,restaurant,25.0441233,121.5140189
3522037807,601,廣豐燒臘快餐便當,restaurant,24.9925780,121.5394554
2925852301,139,QBurger,restaurant,25.1702127,121.4485731
4524863759,437,千葉火鍋,restaurant,25.0449782,121.5096187
4298900877,438,小義越南美食,restaurant,25.0539079,121.5314515
5110245030,475,家食堂,restaurant,25.0305125,121.5175838
4325694174,514,耕莘魷魚羹,restaurant,25.0177918,121.5285437
3455198448,601,貴族世家牛排館,restaurant,24.9920148,121.5441301
7037344342,438,麵相隨牛肉麵水餃,restaurant,25.0450863,121.5323818
7211425719,480,石鱻養生石頭火鍋,restaurant,25.0381297,121.5841571
5666994085,399,學餐:早餐,restaurant,25.0666380,121.5219917
5564542418,444,山東水餃,restaurant,25.0543880,121.6123189
6024258533,601,雞肉飯,restaurant,24.9901668,121.5472351
2959895962,437,金園排骨武昌店,restaurant,25.0446099,121.5058068
4945421756,507,明治坊,restaurant,25.0214156,121.4160301
5110490283,399,活力早餐店,restaurant,25.0572881,121.5307076
2884947676,329,徐媽早餐店,restaurant,25.0872823,121.5878987
4154665489,437,福元胡椒餅,restaurant,25.0501134,121.5155618
5849573415,515,怡客咖啡,cafe,25.0207180,121.5461776
5938833869,514,伯朗咖啡,cafe,25.0211452,121.5315685
3835345478,650,炒飯炒麵燴飯,restaurant,24.9838317,121.5682076
4754476210,439,松露廚房,restaurant,25.0517233,121.5372525
2340183172,515,食香園,restaurant,25.0180399,121.5402777
7192846582,321,すき家,restaurant,25.0868588,121.4711693
7004305907,444,丸龜製麵,restaurant,25.0531122,121.6072621
5579540522,325,SKYLARK洋食 芳鄰,restaurant,25.0951960,121.5277564
3182115426,601,粥粥頌,restaurant,24.9907739,121.5414412
2676910194,478,Evan's Burger,fast_food,25.0422805,121.5484846
4374084080,443,真茶自慢,cafe,25.0499709,121.5934780
2473232937,515,加拿大黑熊有機咖啡,cafe,25.0248772,121.5415446
6969436652,694,真味食堂,restaurant,24.9681924,121.5404364
2086050788,405,tutti home,cafe,25.0663113,121.6144108
7153752232,439,花傳日本料理,restaurant,25.0434042,121.5398623
5110488711,399,御品皇麻辣鴛鴦,restaurant,25.0604432,121.5213103
6528284585,514,方向咖啡,cafe,25.0169666,121.5303701
5771115645,401,Cafe Mode 木馬,cafe,25.0604868,121.5591654
3857683728,362,星巴克,cafe,25.0818152,121.5232496
7170215722,398,胖老爹美式炸雞,restaurant,25.0654485,121.5112005
6024241232,648,ZOO CAFE 鹿咖啡,restaurant,24.9845889,121.5415388
4822499929,138,野營咖哩,restaurant,25.1730630,121.4361268
4043625928,601,高家雙管四神湯,restaurant,24.9895894,121.5414547
3522084153,475,丹堤咖啡,cafe,25.0302379,121.5153033
3939158030,515,摩斯漢堡,fast_food,25.0259545,121.5341092
4562008590,438,天香回味,restaurant,25.0519740,121.5234145
3832679351,515,貝拉小屋,restaurant,25.0216831,121.5407712
5564549091,455,和記紅豆餅,restaurant,25.0445062,121.7791841
3510227227,477,月島文字燒,restaurant,25.0409842,121.5473161
7235632174,437,米家庄,restaurant,25.0475018,121.5163774
3835333347,649,必勝客344,fast_food,24.9803336,121.5550559
5110348731,440,湘庭古早風味便當飯麵餐坊,restaurant,25.0472388,121.5591912
4143010317,648,拉亞漢堡,fast_food,24.9810082,121.5443042
4298897619,439,瞞著爹,restaurant,25.0464195,121.5458935
3887253135,439,海音咖啡,cafe,25.0441962,121.5337621
7175344710,191,野菜屋拉麵,restaurant,25.1500144,121.5500030
2910183734,648,古早傳說飲食雜誌館,restaurant,24.9870962,121.5334172
6925887686,437,迪化街32巷口米粉湯,restaurant,25.0562245,121.5109747
3320192391,688,千和蓋飯屋,restaurant,24.9724759,121.4589516
3072850338,363,Subway,fast_food,25.0823262,121.5462924
7022030519,516,Wake up Cafe,cafe,25.0284481,121.5503807
4118443953,437,星巴克,cafe,25.0449236,121.5149045
2203268925,734,羽鳥Cafe,cafe,24.9566033,121.5341505
2056021920,477,潮肉壽喜燒東豐本店,restaurant,25.0360860,121.5466944
6735346029,397,一番亭涮涮鍋,restaurant,25.0631726,121.4901254
4325693429,480,佳樂佳,restaurant,25.0357190,121.5786114
3103264242,439,紫琳蒸餃大王,restaurant,25.0532072,121.5337350
3031439533,138,83號咖啡,cafe,25.1696515,121.4406031
4267410989,359,小時光咖啡,cafe,25.0809904,121.4785950
4524863569,477,LE BLANC,restaurant,25.0360838,121.5460842
7175334750,477,越蓮料理坊,restaurant,25.0340551,121.5388272
2617050769,732,鍋鍋爸爸涮涮鍋,restaurant,24.9611439,121.5099162
2320552271,476,巧虎小館,restaurant,25.0332515,121.5200345
7211425492,442,瑞麟 美又美早餐店,restaurant,25.0443021,121.5842627
3008371865,139,大順小吃,restaurant,25.1725868,121.4463599
4762059827,443,衛福小棧,restaurant,25.0497665,121.5955265
4937872400,388,頂呱呱,fast_food,25.0661444,121.3617816
2784820892,551,雲味香美食館,restaurant,25.0079983,121.4501910
7194693236,326,故宮美又美,restaurant,25.0968907,121.5472366
7175334733,512,正大溪人阿雲,restaurant,25.0202428,121.4964056
5515638087,439,中保無限家咖啡,cafe,25.0502023,121.5475792
5591399619,442,T&T Coffee,cafe,25.0451567,121.5815759
3710948054,471,星巴克,cafe,25.0357356,121.4500374
6139877686,397,路易莎咖啡LOUISA COFFEE,cafe,25.0684650,121.4993562
3594595043,554,精香自助餐,restaurant,25.0024179,121.4957429
7175344704,513,萬中肉骨茶,restaurant,25.0284068,121.5091945
2751198264,477,湛爐咖啡,cafe,25.0413532,121.5450418
4298891115,650,洞Bar,restaurant,24.9881963,121.5761335
4440624790,398,千歲宴,restaurant,25.0566247,121.5153021
2993729163,137,黑殿飯店(黑店)創始總店,restaurant,25.1772971,121.4258327
3695574949,694,LUNA,cafe,24.9674640,121.5426415
4524863822,363,KUMA,cafe,25.0811162,121.5449646
2912267901,139,京華快餐,restaurant,25.1696117,121.4463305
7194693216,364,五嫂大腸蚵仔麵線,restaurant,25.0796830,121.5591174
3889230210,399,鬍鬚張,restaurant,25.0630247,121.5210476
7153752236,439,小新 和食,restaurant,25.0443424,121.5415854
3785980602,476,8度c冰淇淋,cafe,25.0322895,121.5298573
3914415972,555,口吅品,restaurant,25.0091363,121.5106251
3826541457,399,下港吔羊肉專賣店,restaurant,25.0610501,121.5209377
5219068522,249,粵式豬肚煲鍋,restaurant,25.1144310,121.5272203
5504491302,601,瑞麟美而美,restaurant,25.0021501,121.5372808
3195838811,442,麥當勞,fast_food,25.0492082,121.5794401
6725457173,601,萬隆餐館,restaurant,25.0021660,121.5377261
3449668194,510,嘉祥漢堡店,restaurant,25.0183951,121.4658202
6096029970,324,闔家小吃,restaurant,25.0856995,121.5175505
4754006922,478,La Piola,restaurant,25.0388322,121.5558472
2987200084,479,法朵新馬德里鐵板燒,restaurant,25.0425576,121.5655230
5088772967,474,吉野家,restaurant,25.0356406,121.4992322
6068295694,475,八方雲集,restaurant,25.0320129,121.5152530
5617539922,437,日式壽喜丼,restaurant,25.0450902,121.5140926
5242166322,325,四季麵疙瘩,restaurant,25.0922131,121.5257730
3232509985,368,古早味麻油麵線,restaurant,25.0719501,121.6115825
5109347818,514,老虎醬溫州大餛飩,restaurant,25.0253140,121.5313841
3959168674,762,Rollin 滾滾,restaurant,24.9471514,121.3745126
6188986708,397,悅來涮涮鍋,restaurant,25.0678332,121.5003851
7153752256,439,小確幸餐館,restaurant,25.0445709,121.5346524
1839319927,365,瓦薩比薩,restaurant,25.0815104,121.5672680
7277460640,365,285大排檔,restaurant,25.0826826,121.5666255
2755478366,438,和園,restaurant,25.0435686,121.5249330
6542562823,514,池先生馬來西亞傳統料理,restaurant,25.0159847,121.5317608
4235840395,234,水甜食坊,restaurant,25.1178712,121.3014388
2755478353,438,何家大碗公涼麵,restaurant,25.0434157,121.5241771
2313992669,367,Starbucks,cafe,25.0830324,121.5939411
2450658611,479,雅加達早餐店,restaurant,25.0426429,121.5628839
4283574213,476,劉媽媽飯糰,restaurant,25.0294333,121.5218719
3846213484,650,早餐吧,restaurant,24.9828270,121.5651102
1944251045,364,喬治義大利麵,restaurant,25.0826960,121.5496851
7211419027,442,麵線糊、肉丸,restaurant,25.0450228,121.5864614
2300974215,367,魚小丸子,restaurant,25.0800792,121.5924598
3510213856,400,睡過頭早餐俱樂部,cafe,25.0594130,121.5465226
7138715817,216,AZZIP PIZZA TW,restaurant,25.1365886,121.5461817
3809419515,599,紅牛碳烤牛排,restaurant,25.0007666,121.5146537
4325694192,606,豆腐娘,restaurant,25.0012742,121.6136018
7175344687,479,周胖子餃子館,restaurant,25.0410876,121.5756817
3824673528,437,金色三麥,restaurant,25.0494193,121.5171171
5938465787,402,侯門小館,restaurant,25.0582764,121.5630627
3033096976,601,Subway,fast_food,24.9931339,121.5414466
5775287265,601,ABD Coffee&Life,cafe,25.0013687,121.5409300
7193346179,322,JSP 呷尚寶,restaurant,25.0858216,121.4765378
6354698761,477,小倆口麵線王,restaurant,25.0427511,121.5442961
3661063911,249,B1－大稻埕餐館,restaurant,25.1162121,121.5231027
5552728609,442,洋朵義式廚房,restaurant,25.0452030,121.5805938
4524328179,557,倆倆號,restaurant,25.0135341,121.5342827
6249946230,516,小潘潘牛肉麵越南河粉,restaurant,25.0291383,121.5620550
7211425725,403,永成牛肉麵,restaurant,25.0675339,121.5901591
3313882516,721,宜蘭土包仔,restaurant,24.9515888,121.3518079
4451836892,509,oven coffee,cafe,25.0170771,121.4560399
6182991553,433,米塔義式廚房,restaurant,25.0489888,121.4484334
4452890786,506,焗之森,restaurant,25.0166317,121.4026744
6289234386,479,春水堂,restaurant,25.0369966,121.5666383
7282086686,444,REAL 真‧Cafe‧Bread,cafe,25.0562294,121.6155898
6006771118,648,哆食樂韓式料理,restaurant,24.9869730,121.5478738
3415922028,598,脆皮雞排,fast_food,24.9990651,121.4989259
5906009429,388,福州魚丸,restaurant,25.0688310,121.3657270
3702793965,287,蚵仔煎魷魚羹,restaurant,25.1046890,121.5218166
2056021919,477,北平半畝園,restaurant,25.0359286,121.5460861
4520207486,692,三媽臭臭鍋,restaurant,24.9625233,121.5128665
4836653412,325,越香蘭,restaurant,25.0962075,121.5281126
2473232910,515,Oneway Cafe,cafe,25.0230398,121.5427825
3830585894,514,東京痴貨,cafe,25.0187277,121.5326058
4426282646,507,南門口土魠魚羹,restaurant,25.0227011,121.4253625
6836420195,439,菁美自助餐,restaurant,25.0559865,121.5464269
1408111639,596,滷底撈,restaurant,24.9962803,121.4629956
2899366922,444,快炒屋,restaurant,25.0519017,121.6168262
6099308594,438,爐端燒時時,restaurant,25.0500514,121.5259572
4496468492,548,藥燉排骨/當歸土虱,restaurant,25.0040298,121.4135326
5480411121,439,7月8日咖啡,cafe,25.0533553,121.5445712
7194706839,650,大呼過癮,restaurant,24.9874477,121.5773405
3414695409,598,鼎煌鐵板燒,restaurant,25.0022036,121.4991370
5189911221,517,尚蔬苑,restaurant,25.0284689,121.5672918
7004097330,437,老劉刀切牛肉麵,restaurant,25.0475601,121.5082861
5938833861,514,日月潭紅茶專賣,cafe,25.0203098,121.5305663
7021208675,398,大橋頭筒仔米糕,restaurant,25.0572728,121.5139520
5564549102,493,十分飲食店,restaurant,25.0429015,121.7769255
3929888479,601,麵麵俱到,restaurant,24.9950732,121.5449836
7211425817,374,LUCKY17 享食堡,restaurant,25.0828739,121.6992684
5109347753,514,小南風Cafe,cafe,25.0242308,121.5278630
3465503382,598,炸老大,fast_food,24.9953788,121.5020892
7194706755,361,Yonghe Soy Milk King,restaurant,25.0737924,121.5140552
4307603553,287,嚼舌麵疙瘩,restaurant,25.1023718,121.5246124
4150685052,437,路易莎咖啡館,cafe,25.0439909,121.5135120
4874265735,643,大戶屋,restaurant,24.9859696,121.4648011
5002723022,365,美好時光 懷舊複合式餐廳,restaurant,25.0813028,121.5658390
3917938354,479,隨意鳥地方,restaurant,25.0335197,121.5646791
7175344721,249,miso串燒居酒屋,restaurant,25.1185990,121.5222959
3341995456,640,脆皮紅豆餅,restaurant,24.9822638,121.4215845
2419423342,593,KFC,fast_food,24.9918116,121.4238054
5404840449,139,芋頭師傅,restaurant,25.1698546,121.4462031
4774166262,601,九湯屋,restaurant,24.9895126,121.5414924
3045739878,440,瑪麗羊咖啡茶館,cafe,25.0507316,121.5626240
3188285419,650,磨豆花棧,restaurant,24.9870380,121.5685696
5137490353,510,老五鍋貼牛肉麵,restaurant,25.0294087,121.4737330
2383325490,514,韓石鍋,restaurant,25.0228589,121.5253300
4538275045,555,摩斯漢堡,fast_food,25.0147174,121.5155544
7194706697,601,黃家小吃,restaurant,24.9978675,121.5393211
6515941460,248,懷念ㄟ滷肉飯,restaurant,25.1151089,121.5087292
7082816330,599,達美樂,fast_food,24.9936334,121.5058359
5938487487,401,Shalom,restaurant,25.0581141,121.5619689
4302072915,408,牛匠,restaurant,25.0634178,121.6545157
6189317572,360,牛肉麵,restaurant,25.0728752,121.4894699
5236371624,287,八方雲集,restaurant,25.1096258,121.5284076
7175344590,513,金銘雞腿魯肉飯,restaurant,25.0260726,121.5066803
5422399124,516,葉公館,restaurant,25.0275988,121.5495253
5562880394,474,爺爺奶奶好滋味,restaurant,25.0418176,121.5019688
3270311562,476,府城台南美食旗艦店,restaurant,25.0306940,121.5293039
5666994086,399,學餐:早餐&滷味,restaurant,25.0665907,121.5219873
7002886732,437,葡吉小廚,restaurant,25.0458286,121.5151795
5556229523,139,吃飯大學,restaurant,25.1768900,121.4514320
7175344582,477,我家牛排,restaurant,25.0300862,121.5459212
2969057246,476,KC Cafe,cafe,25.0386715,121.5254235
7211425575,444,拿坡里披薩,restaurant,25.0557705,121.6137737
3837459796,640,老張牛肉麵,restaurant,24.9784187,121.4192647
2300974277,366,潤餅 割包,restaurant,25.0803917,121.5918249
3730158125,601,脆皮雞排,restaurant,24.9935388,121.5415168
7170215713,398,阿欉大橋頭肉粽,restaurant,25.0640966,121.5112216
4781638512,399,Pizza Hut,restaurant,25.0578191,121.5234234
7004297801,437,新上享,restaurant,25.0522279,121.5097654
5564549028,444,PASTi TRATTORIA,restaurant,25.0546503,121.6151700
3809419514,648,試院精緻自助餐,restaurant,24.9870784,121.5476103
3305142597,400,紅豆食府民生店,restaurant,25.0579257,121.5478107
7235632164,437,Starbuck,cafe,25.0473827,121.5173286
5715664716,477,麗緻巴賽麗,restaurant,25.0409978,121.5429068
5242166323,325,尚品迷你麻辣/涮涮鍋,restaurant,25.0921903,121.5256224
2340183173,515,張媽媽麵店,fast_food,25.0180881,121.5402759
2390501462,399,阿蘭豬血湯,restaurant,25.0654391,121.5302530
3914415973,555,呷霸牛肉麵,restaurant,25.0080970,121.5119617
4809532030,479,晶華冠軍牛肉麺坊,restaurant,25.0403998,121.5667518
4524318988,601,景隆十四小吃,restaurant,24.9999983,121.5401731
4524864503,602,金牛牛肉麵,restaurant,24.9965995,121.5601485
5826796396,388,勝八,restaurant,25.0598244,121.3689095
7175344746,441,溫暖 Atatakai,restaurant,25.0459405,121.5722792
3881540591,437,人從眾厚切牛排,restaurant,25.0442167,121.5160244
4602152291,437,鯊魚咬吐司,restaurant,25.0447256,121.5151782
4739408539,368,台灣鵝肉食堂,restaurant,25.0753578,121.6073448
3035135042,214,陶板屋,restaurant,25.1362630,121.5040228
2912289201,138,新疆界楊蘇記手工麵館,restaurant,25.1709567,121.4387693
2621123549,439,茂園餐廳,restaurant,25.0483779,121.5429140
5205590521,287,pizza hut,restaurant,25.1081924,121.5253536
4426175739,507,85度C,cafe,25.0242317,121.4266323
2954087009,441,華品川菜館,restaurant,25.0454787,121.5698378
3728639539,478,歐巴媽媽,restaurant,25.0300684,121.5543377
7211425501,443,愛弘早餐店,restaurant,25.0550494,121.5958025
4103175890,514,中央公園咖啡館,cafe,25.0180788,121.5302612
2238341224,694,最便宜熱炒,restaurant,24.9642179,121.5402860
4083325656,516,麥當勞,fast_food,25.0182978,121.5579668
4200643971,558,艾米果精緻早午餐,restaurant,25.0028945,121.5512732
3380937505,553,鶴野日式定食,restaurant,25.0050181,121.4801824
1839398153,365,麗山永和豆漿清粥,restaurant,25.0820720,121.5732315
7194706997,363,米時 Rice Moment,restaurant,25.0779846,121.5477966
7194706767,603,美式早餐屋,restaurant,24.9910873,121.5738154
5515959715,437,涓豆腐,restaurant,25.0471905,121.5173418
5493377924,325,龍涎居,restaurant,25.0879210,121.5256110
3323095421,437,MAMAK檔,restaurant,25.0476986,121.5177974
3670374308,478,布雷堤,cafe,25.0420164,121.5554391
3812406119,601,紅蕃茄精緻早午餐,restaurant,24.9912051,121.5403416
2943762795,437,源士林粥品西門分號,restaurant,25.0453178,121.5076392
3540983603,554,電線桿fun鬆料理,restaurant,25.0023910,121.4952619
2095095969,734,炳宏甘蔗麵線,restaurant,24.9573570,121.5384518
4370483693,432,石頭日式燒肉火鍋,restaurant,25.0493186,121.4406258
5110348641,516,橘屋,restaurant,25.0235307,121.5537371
3004008405,516,歐客佬咖啡,cafe,25.0246962,121.5494226
7194706742,399,駱師父醬味川客菜,restaurant,25.0696764,121.5196483
5036972862,438,光點珈琲時光,cafe,25.0531853,121.5222296
4516500732,249,McDonald's 麥當勞,fast_food,25.1185353,121.5288830
6434835284,552,Let's Cafe,cafe,25.0122418,121.4665402
7175344521,441,大埔鐵板燒,restaurant,25.0454000,121.5739860
6773875077,180,黑砂糖剉冰,cafe,25.1460440,121.3976913
4200643961,602,老地方黃牛肉麵,restaurant,25.0012265,121.5524168
4706638045,360,漁之村,restaurant,25.0705542,121.4962440
3104135686,438,金金自助餐,restaurant,25.0537135,121.5311782
3740826746,724,柑園早餐店,restaurant,24.9563878,121.3901145
5638863595,337,原味真鍋 碇內店,restaurant,25.0968563,121.7553496
4755688418,599,亞米比薩,restaurant,24.9971771,121.5115743
7211419059,374,魯都香 滷味店,restaurant,25.0825515,121.6962866
2618185914,353,四神湯、羹麵,restaurant,25.0810852,121.3898778
6049646232,325,鐵食堂,restaurant,25.0898021,121.5271462
3469331293,734,東南西北美而美,restaurant,24.9568241,121.5381388
4031297490,439,老疆胡烤肉舖,restaurant,25.0510602,121.5345938
3035134993,214,滿客屋拉麵,restaurant,25.1362512,121.5109018
2563901905,648,原師父小籠湯包,restaurant,24.9826677,121.5355529
5256904122,249,阿全師脆皮香雞排,restaurant,25.1107368,121.5293507
4928425270,439,松江77巷老麵攤,restaurant,25.0509071,121.5351380
3991911188,734,創夢市集Dit Cafe,cafe,24.9580060,121.5374665
1727357661,437,威爾貝克手烘咖啡,cafe,25.0445658,121.5156526
4806818624,399,彭園湘菜館,restaurant,25.0582393,121.5253402
2799084309,367,61食光,restaurant,25.0816878,121.5925559
4483361892,325,高雄黑輪大王,restaurant,25.0884623,121.5237145
7175344588,515,易家香Q飯糰,restaurant,25.0271544,121.5460649
7211419079,480,滷味王,restaurant,25.0378428,121.5791819
2386680389,211,麥當勞,fast_food,25.1282413,121.4679143
3634067593,557,天仁茗茶,cafe,25.0152955,121.5334276
7175344659,512,家家早午餐飲,restaurant,25.0201987,121.4963150
7037337588,476,東門御園坊,restaurant,25.0351337,121.5268715
4440265790,438,樺慶四川菜,restaurant,25.0519644,121.5215077
1937688907,363,蘭軒,restaurant,25.0834053,121.5461971
2572568002,439,生活茶館,cafe,25.0484163,121.5402678
7211425661,442,阿蓮小吃,restaurant,25.0460745,121.5871016
3888805255,369,壹咖啡,cafe,25.0704507,121.6295263
4033147890,694,七張米粉湯,restaurant,24.9657978,121.5404919
3740826798,725,香村自助餐,restaurant,24.9614542,121.4052382
2527532993,439,路易莎,cafe,25.0471863,121.5419465
3673124353,319,85度C,cafe,25.0841012,121.4383476
2816066950,367,玖菜香魯肉飯,restaurant,25.0794934,121.5934661
6919459910,388,台南擔仔麵,restaurant,25.0579210,121.3658233
3040764833,600,峻之屋平價日本料理,restaurant,24.9913223,121.5190891
3216903863,405,漢堡王,fast_food,25.0595267,121.6153478
2142306955,399,伯朗咖啡館,cafe,25.0570546,121.5225640
7194706908,482,拉亞漢堡 南港胡適,restaurant,25.0419773,121.6183433
5505162717,388,品川小館,restaurant,25.0589776,121.3688725
2927228201,139,Subway,fast_food,25.1776221,121.4479101
7194706732,366,食將王鐵板燒,restaurant,25.0788827,121.5897465
7175344785,249,明德素食園,restaurant,25.1203006,121.5197979
3557795447,598,路易莎咖啡,cafe,25.0012557,121.5003304
4301004796,477,飯Bar Mini Restaurant,restaurant,25.0412497,121.5467845
6029650170,552,薩利亞,restaurant,25.0086488,121.4600141
7175344689,513,古早味麵店,restaurant,25.0266337,121.5118172
5998389781,642,Pizzarella義式手工披薩,restaurant,24.9832900,121.4589573
7175344673,249,Wood Pot,restaurant,25.1224188,121.5266363
3161109173,734,精采食坊,restaurant,24.9589539,121.5376378
4384931016,139,小喬自助餐,restaurant,25.1768738,121.4487108
7215539583,507,早午餐,restaurant,25.0249070,121.4230539
7211419082,480,福德街素食水煎包,restaurant,25.0385388,121.5847051
5894434785,365,miacucina,restaurant,25.0801356,121.5672200
3768997017,440,羊暘珍品小吃,restaurant,25.0475265,121.5563953
5391360727,401,藍天,restaurant,25.0578219,121.5606522
2300640536,367,雞膳食坊,restaurant,25.0795444,121.5933531
3730373622,287,HOU,cafe,25.1036284,121.5218973
4740872221,407,饕飽坊,restaurant,25.0656525,121.6413774
7175344776,441,饒河夜市餡餅世家,restaurant,25.0502692,121.5732685
5109350523,514,客家小屋,restaurant,25.0193439,121.5331599
7211425592,480,美式早餐屋,restaurant,25.0393786,121.5882620
7211425634,374,欣鍋日式涮涮鍋,restaurant,25.0833170,121.6992340
7211425568,374,莊記牛肉麵,restaurant,25.0818054,121.6955268
4149458769,363,霸味薑母鴨,restaurant,25.0795719,121.5447710
5110348812,442,潮肉,restaurant,25.0451555,121.5815117
4281353289,593,無敵家 赤肉大腸蚵仔麵線,restaurant,24.9904420,121.4245077
3119801407,597,西堤牛排,restaurant,24.9996082,121.4882395
3657496288,557,愛維根蔬食餐廳,restaurant,25.0044144,121.5397688
6388641162,437,一番地 開封店,restaurant,25.0459111,121.5120214
3270665674,399,豆酥朋,cafe,25.0570813,121.5204791
3440499694,554,越南餐館,restaurant,25.0032002,121.4964150
3837332687,640,番茄小廚,restaurant,24.9815062,121.4241617
6903439596,438,雲鼎,restaurant,25.0531974,121.5323697
1930002677,476,儂特利,fast_food,25.0384872,121.5219637
4018208845,478,蘇阿姨披薩屋,restaurant,25.0391216,121.5574307
2962450952,366,波蜜素食小吃館,restaurant,25.0766821,121.5788153
4315295869,408,摩斯漢堡,fast_food,25.0629751,121.6549947
5923256285,479,星巴克,cafe,25.0334267,121.5650556
3278448311,640,冠廷水煎包,restaurant,24.9809570,121.4190489
4145118727,641,麥當勞,fast_food,24.9764545,121.4421947
7365964029,397,佳奇鐵板燒,restaurant,25.0661924,121.4986988
5316405365,467,3號食堂,restaurant,25.0397452,121.3880599
2567485431,593,George Peck,cafe,24.9903070,121.4226238
5564549038,444,Fumo義式餐坊,restaurant,25.0550415,121.6197824
7102080147,650,德意事歐事美食屋,restaurant,24.9820429,121.5627967
7217153060,117,艾蒔蔬,restaurant,25.1828406,121.4480049
6163029973,474,派克脆皮雞排(康定店),restaurant,25.0357666,121.5012447
1720014724,364,水舞饌,restaurant,25.0826586,121.5613215
3292775566,510,無刺虱目魚,restaurant,25.0163229,121.4662169
4669665494,516,Take out,restaurant,25.0275702,121.5556045
4756039055,517,八方雲集,restaurant,25.0232720,121.5695703
3210314681,515,吉美小吃,restaurant,25.0251350,121.5450269
4132768495,440,棻蘭家厨,restaurant,25.0453403,121.5499810
3100254480,399,大戶屋,restaurant,25.0629197,121.5233398
7368631821,397,大埔鐵板燒,restaurant,25.0622069,121.4981692
5620044421,145,石尚,restaurant,25.1764036,121.5468281
2927152894,139,豬大郎豬血糕,fast_food,25.1712349,121.4452912
3939158027,476,市民大道涮涮鍋,restaurant,25.0338035,121.5331975
7235635389,437,GUGU廚房,restaurant,25.0479221,121.5178393
3700532676,478,蘭香排骨飯,restaurant,25.0316632,121.5595697
6103707152,287,鬍鬚張,restaurant,25.1021733,121.5235293
4269582566,439,瑪姬咖啡,cafe,25.0430148,121.5398097
4946800222,365,蕃茄麵館,restaurant,25.0768760,121.5766559
3048423133,139,海饕鍋物料理,restaurant,25.1684597,121.4464044
3361373900,499,萬里香牛肉麵,restaurant,25.0380391,121.8593735
3257173965,515,星巴克,cafe,25.0254647,121.5372871
6579661158,398,正心牛肉飯麵館,fast_food,25.0583364,121.5111000
7138715803,214,轉角麵館,restaurant,25.1361998,121.5038677
4344542433,732,安康燒臘,restaurant,24.9590095,121.5087479
3953673671,440,少年農夫1號店,restaurant,25.0529241,121.5608093
3665497327,476,angel cafe,cafe,25.0310663,121.5294520
4432818420,555,美而美,restaurant,25.0060195,121.5049084
6163029970,474,瑞麟早餐店,restaurant,25.0353947,121.5013897
6096050613,324,美而美早餐店,restaurant,25.0880179,121.5180794
5542940196,351,好友緣素食,restaurant,25.0707477,121.3686236
4008549753,289,富春居,restaurant,25.1003835,121.5485073
7211425496,374,溫州大餛飩/新埔粄條,restaurant,25.0833090,121.6960348
5205539421,249,八方雲集,restaurant,25.1183511,121.5255084
2460626583,439,大江南北鍋貼水餃麵食館,restaurant,25.0533900,121.5434080
5110489746,399,Ikari Coffee,cafe,25.0604058,121.5238399
2690923542,648,星巴克,cafe,24.9777108,121.5455469
5867150650,514,風味茶館,restaurant,25.0215095,121.5205531
7211425829,480,32食坊,restaurant,25.0376420,121.5778515
6090398854,325,福音小站-故北都美食,restaurant,25.0885019,121.5232618
4007798818,601,口昍品麻辣臭豆腐,restaurant,24.9898232,121.5415366
5236222923,287,麗媽香香鍋,restaurant,25.1082588,121.5297007
3417501611,598,多來家早午餐,fast_food,24.9956366,121.4981352
5890588114,475,健康素食,restaurant,25.0303482,121.5177983
5599657091,438,TGI Friday's,restaurant,25.0539420,121.5257672
3444713868,552,芒果雪花冰,restaurant,25.0074625,121.4623449
4668232185,437,海鮮王餐廳,restaurant,25.0461717,121.5067480
5536013421,437,Cube de bœuf,fast_food,25.0441193,121.5069059
4520207468,732,全多麥早餐,fast_food,24.9613668,121.5098531
3670374304,478,大王食堂,restaurant,25.0419256,121.5552211
5468546031,437,建宏牛肉麵,restaurant,25.0482819,121.5076125
2321487372,439,健康食彩鍋,restaurant,25.0537471,121.5438410
6140337479,514,Chelsea’s dinner&cafe,restaurant,25.0192927,121.5311654
3049853533,138,讚不絕口小火鍋,restaurant,25.1777043,121.4432963
5864552976,515,易家香Q飯糰,fast_food,25.0271456,121.5461143
3577228866,552,Merci cafe,cafe,25.0103486,121.4634277
7194706949,482,阿輝G排,restaurant,25.0347812,121.6161539
4114512999,393,早餐店,fast_food,25.0576086,121.4318374
7175344536,479,吳師父,restaurant,25.0411144,121.5750400
3687762587,476,卡瓦利義式咖啡館,restaurant,25.0332392,121.5296343
4258221376,553,爭鮮迴轉壽司,restaurant,25.0063796,121.4749377
4837986581,478,阿圖麻油雞,restaurant,25.0318460,121.5541431
4450921881,658,金盃美而美,fast_food,24.9815298,121.6909419
6763209770,478,建宏雞肉飯,restaurant,25.0397949,121.5531609
5985166325,475,168 Pho 越南河粉,restaurant,25.0301510,121.5174712
4043621679,513,邱記一鴨二吃,restaurant,25.0289608,121.5083566
6155600439,648,嘉義火雞肉飯鹹米糕,restaurant,24.9796696,121.5444152
1766472950,364,2011 Teppanyaki &Wine,restaurant,25.0831430,121.5590172
3523523039,601,甘泉魚麵景美瀚星百貨店,restaurant,24.9924440,121.5437326
4359025067,442,良美鵝肉專家,restaurant,25.0492481,121.5897172
4312629765,367,秀霞冷熱豆花,restaurant,25.0802007,121.5926014
7175344570,367,丐幫滷味,restaurant,25.0723266,121.5937911
3337457957,640,彭厝鮮肉包,restaurant,24.9827462,121.4191811
2758498835,437,元泰食,restaurant,25.0444092,121.5148843
7211425726,480,正慈素食,restaurant,25.0385230,121.5848012
2230015804,556,人性空間台大店,cafe,25.0158486,121.5320957
2518367463,439,澎湖海鮮餐廳,restaurant,25.0481624,121.5399430
4836631361,475,義芳福州魚丸,restaurant,25.0322236,121.5160077
7175344513,368,蚵埕-蚵仔之家,restaurant,25.0730527,121.6193480
1412407358,510,麥當勞,fast_food,25.0276830,121.4703767
2880167884,437,摩斯漢堡,fast_food,25.0438523,121.5166090
2895253175,565,客家熱炒,restaurant,25.0060741,121.6515148
1715789095,361,麥當勞,fast_food,25.0825583,121.5121167
5564549095,455,豪哥肉麻麵,restaurant,25.0435244,121.7783207
4123045289,437,小蒙牛頂級麻辣養生鍋,restaurant,25.0452575,121.5145220
4031297503,439,錵鑶日本料理,restaurant,25.0504899,121.5341639
2901335305,437,三商巧福,restaurant,25.0461521,121.5133842
4820442522,433,麵大郎,restaurant,25.0437217,121.4524177
3937248075,762,山佳麵食坊 大義店,restaurant,24.9438440,121.3792809
6397941485,478,宜品福州乾拌麵,restaurant,25.0399825,121.5525057
3095124692,440,東京醬油拉麵蘭丸,restaurant,25.0479808,121.5532731
4236823746,557,欣田小館,restaurant,25.0041139,121.5382314
6805098963,443,第一肉羹,restaurant,25.0558885,121.6061194
5908259438,601,小法國,restaurant,24.9975746,121.5445503
2299035020,367,健樂冰果店,restaurant,25.0801070,121.5938232
3031413733,138,張記古早油飯,restaurant,25.1696453,121.4419777
7211425494,403,瑞光午餐,restaurant,25.0636823,121.5803444
7115856665,507,佳佳越南美食,restaurant,25.0214885,121.4238730
4202524205,477,芳庭彼訒餐坊,restaurant,25.0412153,121.5446941
3887762049,514,葉子咖啡,cafe,25.0177634,121.5325995
4538270118,694,永和豆漿大王,restaurant,24.9646212,121.5405859
3668790827,556,戰醬燒肉,restaurant,25.0156434,121.5321956
7211425546,480,麥香美早餐店,restaurant,25.0394584,121.5793619
4449757466,438,Just Pasta,restaurant,25.0514946,121.5210560
4373028409,604,Honey frog,fast_food,24.9939353,121.5899074
3939158019,515,大聲公臺大牛肉麵,restaurant,25.0205968,121.5338156
6677060171,506,吉得堡早餐,cafe,25.0164628,121.4080171
5405200849,139,聞粥粥,restaurant,25.1740630,121.4520221
2667124122,648,Subway,fast_food,24.9827944,121.5416731
3731275512,723,美式早餐屋,restaurant,24.9488668,121.3780485
3792883482,388,摩斯漢堡,fast_food,25.0582980,121.3664626
6418121441,398,四神湯,restaurant,25.0573864,121.5178020
6389111675,324,永和豆漿大王,restaurant,25.0889281,121.5098629
6152009104,601,樂漢堡美式餐廳,restaurant,24.9931921,121.5422724
4594137286,636,日月圓森林咖啡美食,restaurant,24.9759913,121.3646750
6697187510,515,麥味登,restaurant,25.0229700,121.5476730
2621123969,694,吉野家,restaurant,24.9713220,121.5421661
7153752244,439,橙廚義大利麵,restaurant,25.0435566,121.5380640
2618687892,211,PIZZA HUT必勝客,restaurant,25.1344368,121.4596704
1720282435,405,Starbucks,cafe,25.0580940,121.6131480
5110348804,516,百合莊園,restaurant,25.0284321,121.5522803
2599130586,366,大御軒自助餐,restaurant,25.0826302,121.5909621
2642077869,439,Subway 長安松江店,fast_food,25.0483139,121.5345481
3328449242,598,猿燒酒居,restaurant,25.0012730,121.4976280
4524863577,439,豬小寶餐廳,restaurant,25.0558451,121.5428355
2178660017,476,沐樂咖啡,cafe,25.0423317,121.5310997
5088772960,474,熱海活海鮮,restaurant,25.0351747,121.4983936
2357128248,602,麥當勞,fast_food,25.0001671,121.5558458
7175344601,513,陳媽媽小吃店,restaurant,25.0273930,121.5100945
3462983291,598,emmerich咖啡茶專賣,cafe,24.9966211,121.5008358
7194706848,603,味新飲食店,restaurant,24.9910050,121.5737838
7194706895,326,大腸包小腸,restaurant,25.0970740,121.5446113
5492157852,479,凱林鐵板燒,restaurant,25.0343149,121.5647547
3181917431,476,韓記老虎麵食館,restaurant,25.0299860,121.5282669
5391356267,401,周胖子,restaurant,25.0585848,121.5578708
6323106740,437,Mo-Mo-Paradise,restaurant,25.0493764,121.5177611
738838652,514,Subway,fast_food,25.0193518,121.5298870
5794307831,325,山東利民家常牛肉麵,restaurant,25.0946140,121.5220666
6499848129,398,也賣咖啡,cafe,25.0575180,121.5106404
4143951002,648,Casa義式香草廚房,restaurant,24.9794594,121.5441843
5916557407,388,展仙草,restaurant,25.0591269,121.3701954
5240831402,475,美食坊快炒,restaurant,25.0369904,121.5142981
6763209779,478,yum yum,cafe,25.0397839,121.5522140
5293437055,514,山東水餃館,restaurant,25.0226272,121.5242004
7211425668,443,阿城鵝肉,restaurant,25.0552960,121.5962602
3702793963,287,長疆炭燒羊肉爐,restaurant,25.1037042,121.5196692
2618674817,211,星巴克,cafe,25.1371324,121.4598061
3811441540,649,Magic Lamp Cafe,cafe,24.9835262,121.5517522
2572568001,439,集客,restaurant,25.0481693,121.5402554
2188405251,400,怡客咖啡廳,cafe,25.0601382,121.5333903
3731163598,648,七張素食自助餐,restaurant,24.9753009,121.5427412
3420016793,363,水餃之家,restaurant,25.0808743,121.5450100
7130799920,401,餅告大人,restaurant,25.0583807,121.5519370
7175344493,477,點開心,restaurant,25.0336236,121.5393512
2357128244,602,波波恰恰大馬風味餐,restaurant,24.9992352,121.5558677
4837986515,439,伊通便當,restaurant,25.0496247,121.5346409
6933743285,437,365台灣小吃,restaurant,25.0447956,121.5075463
2410161309,516,明月湯包,restaurant,25.0273406,121.5556487
6024207300,600,九湯屋,restaurant,24.9979818,121.5227556
7175344611,479,安吉食堂,restaurant,25.0414867,121.5720598
1701856641,694,麥當勞,fast_food,24.9738053,121.5432008
6028698335,593,香格格燒臘快餐訪,restaurant,24.9934435,121.4272126
1389755868,698,相逢居,restaurant,24.9680428,121.5951902
7004220041,363,大直熱炒碳燒,restaurant,25.0804725,121.5478460
2293203426,399,壹咖啡,cafe,25.0669901,121.5231170
3044964233,211,神座日本拉麵,restaurant,25.1361598,121.4618800
7211419063,403,蝦神活蝦料理,restaurant,25.0665392,121.5907005
5211487022,249,彭師傅精緻餛飩,restaurant,25.1114811,121.5260490
2913978645,139,異嗑堂,restaurant,25.1702351,121.4470787
7022030522,516,力量拉麵,restaurant,25.0283059,121.5502372
2653111079,287,黏囍 輕食。早午餐,restaurant,25.1089384,121.5328445
2941463307,138,大阪城,restaurant,25.1705676,121.4437418
3881540611,437,四川瘋麻辣燙,restaurant,25.0448060,121.5160263
1973476983,476,狸貓酒食屋,restaurant,25.0416035,121.5326043
4242503838,646,鑫紀燒臘,restaurant,24.9847220,121.5061964
4449757468,438,荷蘭小鬆餅長安店,restaurant,25.0498392,121.5197968
5110489308,399,池上便當,restaurant,25.0581556,121.5260330
7211425674,480,阿民控肉飯,restaurant,25.0364470,121.5793564
3080436550,439,胖子小吃,restaurant,25.0430492,121.5421125
2618185915,353,鹹酥雞攤,restaurant,25.0810684,121.3889473
2913712301,139,The Pizza,restaurant,25.1778162,121.4486846
4290766991,32,煙燻小棧德國料理,restaurant,25.2583029,121.4973172
2188231676,515,全國素食,restaurant,25.0235292,121.5432095
4524192209,471,新農園會館,restaurant,25.0377133,121.4576472
2676398222,433,台東王池上飯包,restaurant,25.0528533,121.4478511
5564542420,444,跑路麵,restaurant,25.0551962,121.6127551
2446576183,437,大車輪日本料理,restaurant,25.0439356,121.5130766
7195056320,322,歐維斯早餐店,restaurant,25.0883201,121.4795132
5110349503,366,營養早午餐,restaurant,25.0801267,121.5912020
7211425561,374,祥鼎餐廳,restaurant,25.0827905,121.6955766
6389111674,324,漾鍋,restaurant,25.0889208,121.5094633
4928425254,439,滾吧鍋物,restaurant,25.0512985,121.5362799
5544093421,478,Okey Dokey,cafe,25.0388330,121.5556645
5564549032,444,Messe Bistro 魅色時尚,restaurant,25.0560927,121.6174813
5802926792,388,享時光,restaurant,25.0587715,121.3684501
7211425665,336,阿香麵店,restaurant,25.0848008,121.6948442
2962738781,515,大埔鐵板燒,restaurant,25.0245612,121.5435970
4571567730,139,餅小鋪,restaurant,25.1738595,121.4508063
3232472359,405,北平烤鴨,restaurant,25.0664600,121.6112266
7194706741,482,可樂屋,restaurant,25.0420232,121.6178622
7194706743,325,荷麵亭 Hasumentei,restaurant,25.0931359,121.5266366
5110348764,478,Ikari Cafe,cafe,25.0339059,121.5541716
4605333184,515,打醬油,restaurant,25.0281792,121.5415157
1947370956,478,雅室牛排,restaurant,25.0383815,121.5516986
7175344760,513,嘉味軒早餐店,restaurant,25.0268603,121.5109616
4031297489,439,老哥鍋貼,restaurant,25.0520929,121.5421256
2959896115,437,東吉水產超市火鍋,restaurant,25.0433010,121.5062167
2716998341,552,Starbucks,cafe,25.0083286,121.4600910
2147393714,400,丹堤咖啡,cafe,25.0638231,121.5334677
5551857321,514,米哥烘焙坊,cafe,25.0261763,121.5227978
7211425663,480,阿根早點,restaurant,25.0384802,121.5784182
2912238440,139,滬家全自助餐,restaurant,25.1685935,121.4473252
7170191573,402,愛.熟成21牛肉麵,restaurant,25.0613250,121.5748988
6290551123,351,弘爺漢堡,restaurant,25.0705748,121.3684540
4200642646,602,Cafe Romanee,cafe,24.9995749,121.5516265
6909232006,363,CUCKOO's NEST,cafe,25.0790739,121.5465559
2923774279,649,羅馬蕃茄義大利麵蔬食,restaurant,24.9819962,121.5616554
2077766640,405,星巴克,cafe,25.0698640,121.6116445
5110488944,439,儲房咖啡館,cafe,25.0509547,121.5383054
6632781927,161,麥味登淡水紅樹林門市,restaurant,25.1626620,121.4581577
3416263837,598,老家便當,restaurant,24.9950215,121.4974219
6028693358,593,婷婷牛排,restaurant,24.9940045,121.4278620
7211425714,373,全家便當,restaurant,25.0818250,121.6952517
4384259226,476,香港陳記燒臘,restaurant,25.0399595,121.5323517
6463306585,437,Yonghe Chinese type breakfast shop,restaurant,25.0453616,121.5076087
3907961036,438,大鵬灣食堂,restaurant,25.0459687,121.5245924
2518367464,437,京都菓子燒,fast_food,25.0454200,121.5160583
3007181096,437,美觀園,restaurant,25.0436012,121.5068365
7175344713,515,角屋關東煮,restaurant,25.0285096,121.5459842
6418121449,439,Tea Coffee Sparkling,cafe,25.0520924,121.5422085
4344465927,601,圓爸早餐,restaurant,24.9904495,121.5400590
2952479190,476,永康2號,cafe,25.0332135,121.5298476
4442099891,438,梁记嘉义鸡肉饭,restaurant,25.0505813,121.5303560
7211425761,442,天百味素食坊,restaurant,25.0460111,121.5871662
3835347354,649,寬cafe,cafe,24.9844118,121.5606884
6323456711,477,咖站,cafe,25.0336331,121.5463614
5608335721,287,小劉排骨飯,restaurant,25.0973240,121.5242489
3887762028,556,東吉水產超市火鍋,restaurant,25.0145786,121.5328232
3707479474,437,麻膳堂,restaurant,25.0460379,121.5169369
3349552578,439,犁園湯包館,restaurant,25.0502634,121.5447930
1837961146,365,星巴克,cafe,25.0809758,121.5705299
5551815826,477,cow banana,cafe,25.0331910,121.5422759
5509024643,499,俞家中式早餐店,restaurant,25.0383349,121.8657732
4820442579,432,地瓜球-白糖粿,restaurant,25.0448513,121.4446592
4952060640,557,Mensa,restaurant,25.0149302,121.5354831
3361477816,499,360度鍋貼水餃專賣店,restaurant,25.0390107,121.8659561
3716532360,352,蔡家鵝肉,restaurant,25.0829450,121.3843398
4429913290,398,呷二嘴,restaurant,25.0593589,121.5127596
5334987622,514,小慢,cafe,25.0254014,121.5294500
4018211176,439,家味鮮,restaurant,25.0527940,121.5391389
5961011013,388,勝博殿,restaurant,25.0662999,121.3614976
7170215733,443,珍饌涼麵,restaurant,25.0515224,121.5935555
6440503677,507,日船章魚小丸子,fast_food,25.0235127,121.4235333
7194707001,145,老湖田小吃店,restaurant,25.1708930,121.5390815
4033134260,734,鮮魚屋,restaurant,24.9559172,121.5333007
3362752670,798,陳三豆花,cafe,24.9335828,121.3706897
7175334737,405,威記燒臘,restaurant,25.0694112,121.6187305
4436151965,360,北城海南雞飯,restaurant,25.0708041,121.4959145
5160603248,434,幸福讚精品飯店,restaurant,25.0510986,121.4611951
2984580128,433,好餃舍手工水餃,restaurant,25.0521470,121.4579676
6871573254,478,上林鐵板燒,restaurant,25.0388520,121.5497464
6207688486,393,QBurger早餐店,restaurant,25.0568989,121.4337591
6024277484,397,賴客,cafe,25.0699625,121.4971743
6156191729,478,復興美食,restaurant,25.0337218,121.5580103
4307554218,248,好日子咖啡,cafe,25.1187366,121.5159615
5504491315,601,鮮魚湯,restaurant,25.0020630,121.5381562
3959168672,762,益柔廚房,restaurant,24.9479614,121.3726748
4325693460,514,吉米卡潛艇堡,restaurant,25.0177436,121.5286173
4417637944,557,亞米幸福料理,restaurant,25.0075868,121.5380402
6903271915,363,apint阿派酒食小館,restaurant,25.0827810,121.5477481
4269582535,439,Paste義食,restaurant,25.0515170,121.5434818
6611818924,601,北方老媽麵館,restaurant,24.9943080,121.5417561
4314326449,367,拉亞漢堡,restaurant,25.0791698,121.5944298
3450729730,598,清真媚力泰,restaurant,25.0016168,121.4996355
7211425824,480,Arabian Nights,restaurant,25.0359896,121.5776205
3414695410,598,魔法雞排,fast_food,25.0022954,121.4988870
5779562112,325,九龍小火鍋,restaurant,25.0946186,121.5259803
2419824449,433,麥當勞,fast_food,25.0451126,121.4525861
4298897642,438,越南風味美食,restaurant,25.0542728,121.5311110
4325693428,438,佐賀日式料理,restaurant,25.0434926,121.5315517
2178488633,439,青島餃子館,restaurant,25.0560199,121.5406616
3323027101,593,Coco都可,cafe,24.9910746,121.4255391
3464721405,598,意麵陽春麵魯肉飯,restaurant,24.9955724,121.5021381
4524863706,602,Subway,fast_food,25.0001204,121.5566374
4031297495,439,萊因堡西餐咖啡,restaurant,25.0510658,121.5348950
3066157533,138,阿香阿給,restaurant,25.1707818,121.4381965
6265601299,557,碧坊,restaurant,25.0033202,121.5417850
4449757821,438,呷尚寶,restaurant,25.0502031,121.5194155
2787383729,478,溫野菜日本涮涮鍋專門店,restaurant,25.0417250,121.5505317
6103723269,287,Dr.Q,restaurant,25.1021430,121.5231700
7170215740,443,昆陽豆漿店,restaurant,25.0523521,121.5934185
5562886136,474,阿滿小吃店,restaurant,25.0423392,121.5022360
5551897760,477,艾比會館,restaurant,25.0332338,121.5393973
7296140785,437,開小伙,fast_food,25.0533698,121.5139449
2804082763,394,鬚鬚張滷肉飯,restaurant,25.0648064,121.4569342
4828232723,138,伯朗咖啡,cafe,25.1699151,121.4399981
5110245027,475,黃龍莊,restaurant,25.0300510,121.5165490
5110348609,440,Saladay,restaurant,25.0513560,121.5568020
2566814397,439,咖哩Wu,restaurant,25.0477112,121.5416580
5551922328,514,may姐,restaurant,25.0237186,121.5282012
7008566389,437,華亭街豬腳麵,restaurant,25.0538272,121.5132023
4386830986,191,草山老街小吃,restaurant,25.1504441,121.5487463
7194693252,361,新口味鹽酥雞,restaurant,25.0718994,121.5157694
7194693230,697,迺妙茶廬,restaurant,24.9658105,121.5827824
6033393086,361,吉野家,fast_food,25.0718488,121.5140549
6068469001,514,麻辣臭豆腐,restaurant,25.0252433,121.5293446
4558284303,407,韋安鍋貼專賣店,restaurant,25.0650675,121.6422425
3835323349,650,陽城燒臘快餐,restaurant,24.9832959,121.5666041
3415922030,598,香港洪記燒臘快餐便當,restaurant,24.9991312,121.4988720
5378179014,213,文化魷魚羹,restaurant,25.1363698,121.4962155
5141154646,369,醉濟公自助餐,restaurant,25.0706929,121.6295522
3812406123,601,行家餐盒,restaurant,24.9966131,121.5478027
6604320348,515,珍美味海鮮熱炒,restaurant,25.0290083,121.5432407
6028851344,438,SoShow Bar & Restaurant,restaurant,25.0492254,121.5215786
6038382487,361,PIZZA HOT 餐廳,restaurant,25.0710568,121.5139734
4810840722,213,路易沙咖啡,cafe,25.1329411,121.5000498
3528629833,475,新禚家餃子館,restaurant,25.0307264,121.5174647
2643644718,353,加拿大牛排,restaurant,25.0785511,121.3955955
4325694173,438,老德記,restaurant,25.0436136,121.5316664
5109347795,514,Sukiya,restaurant,25.0173745,121.5319476
3233917889,552,麗媽香香鍋,restaurant,25.0137069,121.4685404
3859931019,216,台北組,restaurant,25.1374293,121.5421962
2440534737,474,雨香蝦仁肉圓,restaurant,25.0360816,121.5005922
3132734856,555,可口寶,restaurant,25.0138069,121.5124858
3151325177,556,山東大餃子館,restaurant,25.0151561,121.5326854
5110491057,399,食鮮日式火鍋,restaurant,25.0625146,121.5214985
4269582554,439,春夏秋冬日式涮涮鍋,restaurant,25.0527576,121.5400955
6205099164,478,頂呱呱,fast_food,25.0417256,121.5506827
7037337604,437,樂法 Le Phare,restaurant,25.0468410,121.5150033
4138747990,440,咖啡講Chat On,cafe,25.0511659,121.5609626
2419824444,433,正統肉羹麵,restaurant,25.0526704,121.4580631
5585775148,480,摩斯漢堡,fast_food,25.0418544,121.5793061
5637016809,116,星巴克,cafe,25.1849700,121.4440646
4007811658,601,噗咕古巴三明治,restaurant,24.9948798,121.5423804
7211419062,443,豬家莊,restaurant,25.0555783,121.6060337
4588423126,475,眼球咖啡,restaurant,25.0295706,121.5165645
5547678622,437,港龍港式燒臘店,restaurant,25.0509001,121.5174355
6007607969,557,麥味登,restaurant,25.0132642,121.5355850
7175334755,441,陳董藥燉排骨攤位,restaurant,25.0505884,121.5758597
6694180173,510,豐華小館,restaurant,25.0289241,121.4732207
5110491021,475,上海老天祿,restaurant,25.0427297,121.5056136
3622811895,557,法點法食,cafe,25.0120314,121.5355142
2203268923,734,一魂拉麵,restaurant,24.9561572,121.5383167
7175344610,211,阿鴻的菜,restaurant,25.1283077,121.4679728
2616030167,366,象園咖啡,cafe,25.0808682,121.5857383
3835835405,362,珍鮮廣東粥,restaurant,25.0807928,121.5221916
3678904016,442,鬍鬚張魯肉飯,restaurant,25.0455189,121.5808930
6749527358,510,西雅圖極品咖啡 Barista Coffee 板橋親子文創館,cafe,25.0205685,121.4670699
4754476216,516,紅豆食府,restaurant,25.0264281,121.5493107
5149054421,478,西班牙米其林2星MVSA木沙餐廳,restaurant,25.0298068,121.5503114
4031296811,439,伊通擔仔麵,restaurant,25.0512222,121.5348917
6499715187,479,Osteria,restaurant,25.0404874,121.5670748
2932238701,139,霞客咖啡,cafe,25.1658219,121.4460613
5108706569,694,路易沙咖啡,cafe,24.9653784,121.5404164
7170191582,402,豆腐村 韓式豆腐煲料理,restaurant,25.0618183,121.5771800
3231669811,438,日鑫小火鍋,restaurant,25.0537103,121.5309758
2590490922,514,伯朗咖啡,cafe,25.0182545,121.5303493
4147351042,511,大呼過癮,restaurant,25.0179649,121.4790306
4754476724,439,金香茶坊,restaurant,25.0535403,121.5350871
2594857230,437,咖啡弄,cafe,25.0453759,121.5149146
2974441540,443,宜品素食,restaurant,25.0514820,121.5935222
5551898757,477,家伙 手作食堂,restaurant,25.0336523,121.5392971
3870722787,514,亞米廚房,restaurant,25.0248559,121.5318526
4325693929,514,泰品雲南泰式料理,restaurant,25.0159472,121.5311622
4033360522,601,萬興海鮮熱炒,restaurant,24.9995200,121.5437953
3673124349,470,饗厚牛排,restaurant,25.0330742,121.4363572
3835347356,649,Friend's pasta,restaurant,24.9843332,121.5610981
7175344565,249,皇家傳承,restaurant,25.1202153,121.5197961
3339512565,439,岡山羊肉,restaurant,25.0540858,121.5422154
7037344341,438,李記港式香煎雞扒飯,restaurant,25.0450900,121.5317380
4424407826,360,家一牛肉麵,restaurant,25.0713129,121.4936195
4282217990,601,京彩湯包豆漿店,restaurant,24.9952559,121.5452544
5908259456,601,名峯快餐便當,restaurant,24.9950731,121.5450364
2690918848,649,必勝客,restaurant,24.9803042,121.5549686
3231669812,601,竹壽司,restaurant,25.0002982,121.5398656
5975802245,467,大呼過飲,restaurant,25.0402517,121.3891431
5205443423,287,吴家豆漿,restaurant,25.1086423,121.5250647
3304641830,477,樂雅樂,restaurant,25.0422252,121.5463183
4123034931,437,濟州豆腐鍋之家,restaurant,25.0459205,121.5139469
3761256607,593,三兄弟小吃,restaurant,24.9891223,121.4213747
4674702307,401,哈古小館,restaurant,25.0609708,121.5623956
7365923864,397,三商巧福,restaurant,25.0625636,121.4984758
7022030547,399,阿勳鹹粥,restaurant,25.0595295,121.5301488
3201621178,439,六福客棧福園,restaurant,25.0546341,121.5334166
7242261467,366,傻師傅湯包,restaurant,25.0780934,121.5784313
3893019838,475,聚北海道昆布鍋,restaurant,25.0424515,121.5138922
3439427184,554,呷尚寶,fast_food,25.0024088,121.4955809
4175821990,398,珠記大橋頭油飯,restaurant,25.0627903,121.5148854
4820442567,471,85度C,cafe,25.0374125,121.4520098
4219109792,400,Anywhere cafe & travel,cafe,25.0592618,121.5341737
7021073485,552,望月樓,restaurant,25.0130211,121.4670109
3299889861,439,楊記雲泰料理,restaurant,25.0538706,121.5336565
7153752243,477,文慶雞,restaurant,25.0418853,121.5398249
4837986535,478,十里安,restaurant,25.0300251,121.5512951
7194706812,361,尚品香精緻早午餐-酒泉店,restaurant,25.0718839,121.5142453
3232565188,368,爭鮮迴轉壽司康寧店,restaurant,25.0724161,121.6074440
6210661838,287,劉家肉粽,restaurant,25.1026922,121.5206351
2734160945,438,蓮池會素食館,restaurant,25.0437928,121.5226346
2507914373,437,有記名茶,cafe,25.0557066,121.5130993
4255680091,478,Botega Del Vin,restaurant,25.0400123,121.5515118
7211425772,404,小確幸早午餐,restaurant,25.0568729,121.6054964
7211425533,403,森の光手作厚切吐司 Forest Light Toast,restaurant,25.0639867,121.5816689
2326615554,438,杯執咖啡茶飲,cafe,25.0497438,121.5265815
5666895652,399,學餐:自助餐,restaurant,25.0660452,121.5216977
3232564964,405,頂呱呱,restaurant,25.0687234,121.6129814
3387037594,515,珍線坊,restaurant,25.0254490,121.5350171
3704355301,516,貓走廊,restaurant,25.0242676,121.5532286
4437035890,476,麵店,restaurant,25.0415743,121.5269602
2690921407,477,丹堤,restaurant,25.0402489,121.5346885
4828108425,398,La Lupa Classic,restaurant,25.0600710,121.5092319
3596859024,478,千荷田【鍋の物】,restaurant,25.0404973,121.5626087
3851543644,438,正鋒自助餐,restaurant,25.0442944,121.5236362
2083470248,444,鎮興燒臘,fast_food,25.0524142,121.6160534
2832950212,601,齊味餃子館,restaurant,24.9973423,121.5479737
6096044453,324,魚旨亭日式料理,restaurant,25.0878969,121.5180524
7175344693,211,相思起小館,restaurant,25.1283345,121.4689611
3457786292,510,好初早餐,restaurant,25.0278016,121.4699372
6422218523,437,無限家,cafe,25.0505326,121.5103599
4257340994,471,老成元御膳麻辣新莊旗艦店,restaurant,25.0404288,121.4552232
7213789582,479,PACKIE 銀杏川酒菜館,restaurant,25.0366661,121.5668113
3881457567,437,阿鑫麵線,restaurant,25.0450543,121.5161716
2940013798,115,輕鬆開飯餐廳,restaurant,25.1811915,121.4182201
3104852104,650,順園麻油雞,restaurant,24.9885755,121.5645396
5687173436,593,彌生軒,restaurant,24.9955528,121.4287186
2813030301,515,卡帛咖啡素食烘焙坊．義式廚房,restaurant,25.0236840,121.5430126
3835342094,649,芮比特,restaurant,24.9820170,121.5617866
4236823742,734,極品鮮燒匠台灣生蠔,restaurant,24.9528374,121.5428905
3497480274,555,一品屋涮涮鍋,restaurant,25.0065612,121.5102093
6029650168,596,老五鍋貼,restaurant,25.0014020,121.4627831
6871573241,602,池上木片便當,restaurant,25.0013881,121.5505390
4524863931,478,鬍鬚張,restaurant,25.0319240,121.5541455
7004297802,437,川井日本料理,restaurant,25.0521174,121.5091565
4269582533,439,Le Brister,restaurant,25.0488414,121.5432362
2299091779,366,觀茶入微,cafe,25.0825551,121.5919211
7175344604,211,鴨寨夫人,restaurant,25.1278135,121.4678454
4218630449,437,北平田園餡餅粥,restaurant,25.0465313,121.5135458
7213811090,479,福里安花神,cafe,25.0370676,121.5668247
6600388719,439,耀場串燒夜食,restaurant,25.0536846,121.5446569
3835377576,650,霸味薑母鴨,restaurant,24.9833717,121.5672453
5666994087,399,學餐:手搖影料店,restaurant,25.0665578,121.5219820
4239599589,367,山山mountain mountain,restaurant,25.0800586,121.5976937
3851546380,438,阡品可口美精緻早午餐,restaurant,25.0455177,121.5252576
7004093446,437,阿昌哥印尼料理,restaurant,25.0500631,121.5109192
3180269388,556,鮮天下,restaurant,25.0032299,121.5214103
6654640258,601,麵皮厚手工刀削麵,restaurant,24.9987274,121.5459041
7004247507,438,鷹流東京醬油拉麵蘭丸,restaurant,25.0517763,121.5201547
3748706226,402,麥當勞,fast_food,25.0589904,121.5660083
2341924480,476,Cafe De Gear,cafe,25.0322423,121.5197006
5951203877,476,星巴克,cafe,25.0356726,121.5245394
2126062047,363,兄弟麵館,restaurant,25.0821909,121.5453767
5564549023,444,水晶魯肉飯,restaurant,25.0532673,121.6155663
4524863995,478,Hello Kitty鍋,restaurant,25.0397321,121.5539426
4426802583,507,S&D,cafe,25.0224038,121.4249643
7194706689,482,虱目魚湯 豬排飯 滷肉飯,restaurant,25.0396877,121.6208081
2340183165,515,滷冰花養生滷味,fast_food,25.0181109,121.5403410
4838087723,398,老阿伯魷魚羹,restaurant,25.0596715,121.5092724
4384257968,648,京御鐵板燒,restaurant,24.9830324,121.5422783
6188959122,408,紅橘子,restaurant,25.0670045,121.6625847
5698337062,271,151高地,restaurant,25.1019352,121.2912536
4449757816,437,午食園便當,restaurant,25.0505347,121.5164929
2313992201,367,丹堤,cafe,25.0828680,121.5936834
2656074191,441,麥當勞,fast_food,25.0512666,121.5630633
4928425282,438,意特簡餐咖啡,cafe,25.0555431,121.5323516
4149458759,363,大直老店米粉湯,restaurant,25.0795918,121.5450812
3840857819,438,力茶,cafe,25.0558053,121.5303418
4449757817,438,原味麵館,restaurant,25.0514144,121.5210480
2558223809,514,成都麵店,restaurant,25.0256706,121.5301629
6161253523,470,麥當勞 McDonald's,fast_food,25.0317384,121.4323219
2883124013,439,鵝肉城,restaurant,25.0494467,121.5422290
7194706940,362,鮮堡漢堡,restaurant,25.0740180,121.5189781
6576996199,442,漢堡王,fast_food,25.0495460,121.5790231
6284503805,478,貳伍鐵板燒,restaurant,25.0303419,121.5608414
3182105513,601,創意麵景美店,restaurant,24.9894048,121.5410043
4524318965,601,越來越Pho,restaurant,25.0007793,121.5396572
6865431288,248,廖家牛肉麵,restaurant,25.1109937,121.5166855
5216063922,147,石尚,restaurant,25.1655343,121.5640615
6116342994,287,黑殿食堂,restaurant,25.1019957,121.5245236
2805298843,366,甜吻吻果汁,cafe,25.0807912,121.5911271
6816692003,516,西螺鴨膳師,restaurant,25.0203428,121.5540814
7175334746,187,阿發海產快炒,restaurant,25.1385183,121.4916734
2572568066,440,麥當勞台北八德餐廳,fast_food,25.0479640,121.5555284
3151332307,433,小上海湯包牛肉麵水餃,restaurant,25.0447109,121.4531121
3637170874,478,一頭也黑毛和牛專賣店,restaurant,25.0407082,121.5524278
5606231811,439,妞呀小廚,restaurant,25.0510579,121.5447682
5586089966,480,阿里不達太監羊 羊肉爐,restaurant,25.0421006,121.5802797
4118443940,437,信陽麵館,restaurant,25.0447632,121.5142340
7175344626,515,呷尚寶,restaurant,25.0272056,121.5460103
4492620897,593,八方雲集 樹林千歲店,fast_food,24.9982668,121.4263236
3812406070,601,悟饕池上飯包,restaurant,24.9953115,121.5448166
4794578022,270,Coffee,cafe,25.1210351,121.9186629
5671009364,388,北京味,restaurant,25.0588172,121.3683083
3104850230,650,功夫茶,cafe,24.9881738,121.5684587
3579689537,514,八方雲集,restaurant,25.0262894,121.5298250
3304641848,477,天台食堂,restaurant,25.0419935,121.5465265
4360380446,515,揪食堂韓式餐館,restaurant,25.0226374,121.5412391
7216240736,364,大心,restaurant,25.0832243,121.5573310
6422218518,437,Perfect places,restaurant,25.0533669,121.5102002
4314326443,367,宏易水煎包,restaurant,25.0792389,121.5942778
4325693434,438,光華飯包,restaurant,25.0433646,121.5312570
6090447438,325,大統牛排,restaurant,25.0882783,121.5240410
3450729729,598,川味牛肉麵,restaurant,25.0012396,121.4996528
7211425681,480,花田樂野台壽司,restaurant,25.0374678,121.5792008
6103641070,287,麻木不能,restaurant,25.1023886,121.5244551
3744240097,360,大埔鐵板燒,restaurant,25.0802135,121.4917835
7272342185,408,周胖子餃子館,restaurant,25.0637752,121.6563928
7169581011,440,品參鍋,restaurant,25.0488674,121.5571305
3788212996,248,旺角咖啡旅店,restaurant,25.1192731,121.5112840
3704216925,438,蓋飯,restaurant,25.0542016,121.5314561
3983560643,554,錢都日式涮涮鍋,restaurant,25.0060656,121.5014127
7175344695,405,越南美食,restaurant,25.0696304,121.6180317
5110348586,441,金磚鴨北京烤鴨,restaurant,25.0510816,121.5700523
7175344528,211,阿姨刀削麵,restaurant,25.1275761,121.4673731
3603954073,640,韓國太極宮中烤肉,restaurant,24.9876067,121.4210193
6499715242,438,和醬橫濱燒,restaurant,25.0532691,121.5231697
2911188236,552,全民紅燒清燉牛肉麵館,restaurant,25.0102940,121.4619807
7211425769,403,川娘子,restaurant,25.0675155,121.5902195
3031393734,138,滬尾阿給魚丸湯,restaurant,25.1696720,121.4414428
2633889292,556,三米三現煲石鍋飯,restaurant,25.0158432,121.5318899
5564549096,455,十分黑豬肉香腸,restaurant,25.0433494,121.7780117
2913712402,139,香港滄州燒臘,restaurant,25.1774125,121.4486282
7138715836,250,新生活早餐店,restaurant,25.1119350,121.5338714
5110348760,516,Subway,fast_food,25.0211647,121.5552564
7211425682,479,宋記美食小吃,restaurant,25.0373406,121.5771728
4273731806,437,赤肉胡椒餅,restaurant,25.0515541,121.5137192
4946809022,366,李雪辣嬌,restaurant,25.0718513,121.5808642
2174889595,640,85°C,cafe,24.9817268,121.4199807
5316405851,467,麥味登龜山文青店,restaurant,25.0396864,121.3880512
3036785833,138,7號美式餐廳,restaurant,25.1699068,121.4445815
2886368748,478,麥笛昆 BBQ,restaurant,25.0382267,121.5498165
3594594885,598,熊的幸福食堂,restaurant,24.9995028,121.4984535
3835323347,650,新榮平價熱炒,restaurant,24.9830745,121.5659369
4384259217,648,阿輝牛肉城,restaurant,24.9831698,121.5429886
3707479435,478,すき家,fast_food,25.0333709,121.5531196
7194706833,651,韓國朴媽媽美食,restaurant,24.9867720,121.5785888
7296140686,398,美加炸雞,fast_food,25.0634709,121.5185170
5652745223,325,黑米燒肉丼,restaurant,25.0969759,121.5242199
2949195371,601,興隆小館,restaurant,24.9992026,121.5439384
4686255632,254,楓堤咖啡,cafe,25.1146409,121.5990014
6871719687,437,老媽麵店,restaurant,25.0551595,121.5102670
6924514569,476,Joyoser,restaurant,25.0398321,121.5310273
6720844009,398,Pythonism,cafe,25.0622721,121.5137563
3670390138,478,銀河堂讚岐烏龍麵,restaurant,25.0419292,121.5548666
2816066959,366,集美漢堡 小吃,fast_food,25.0805534,121.5914800
4834761775,601,隆來小吃,restaurant,24.9995826,121.5393335
4043621251,513,來來水餃館,restaurant,25.0287580,121.5058163
4836653411,325,和民,restaurant,25.0956356,121.5285769
7175344606,366,如意小館,restaurant,25.0759149,121.5850893
4218630457,438,阿杜廚房,restaurant,25.0434598,121.5212411
3437517207,598,客滿燒烤,restaurant,25.0013225,121.4969574
5110489250,399,竹葉日本家庭料理,restaurant,25.0577956,121.5233292
7211425766,442,中式早午餐捲餅小米粥,restaurant,25.0454095,121.5864221
6050506265,325,芳記餛飩麵,restaurant,25.0889742,121.5263526
3136796885,325,鬍鬚張,restaurant,25.0946493,121.5222273
7211425693,480,自助餐，快餐,restaurant,25.0386076,121.5850649
2593827378,440,咖啡弄(忠孝店),cafe,25.0432617,121.5481817
7282086690,606,芭樂嬌烤雞屁股,fast_food,25.0012314,121.6134961
6781231889,365,小旺號,restaurant,25.0792819,121.5693989
7194706726,364,紅杯子,restaurant,25.0790154,121.5520630
3337457987,640,雞肉飯,restaurant,24.9822969,121.4156263
4773891423,321,耍廢早午餐,cafe,25.0884309,121.4607722
5149019984,405,欣葉,restaurant,25.0583269,121.6160885
4678624020,478,毛董小卷攤,restaurant,25.0311007,121.5541593
2928971301,139,淡水第一家招牌羊肉羹,restaurant,25.1689394,121.4466591
6155600438,648,好燒,restaurant,24.9847525,121.5406591
3476254804,598,翠華赤肉羹,restaurant,25.0006534,121.4996568
2912294702,138,香料廚房,restaurant,25.1731353,121.4360227
2952072357,116,凱林鐵板燒,restaurant,25.1880808,121.4435376
6131867503,762,大雄日式料理店,restaurant,24.9427671,121.3724809
7175344505,477,大安大安18,restaurant,25.0303913,121.5458291
5505377671,601,早點,restaurant,25.0001870,121.5402272
7211425593,479,美好時光Bistro,restaurant,25.0341868,121.5757686
7235632177,437,飯BAR LILI,restaurant,25.0482722,121.5167005
7194693270,362,早安美芝城圓山活力捷運,restaurant,25.0705583,121.5195789
2410161313,516,辣霸子,restaurant,25.0272960,121.5555894
3921851721,640,麵店,restaurant,24.9827898,121.4231596
2563901895,648,百八漁場,restaurant,24.9830085,121.5355234
2933804921,138,十勝烤堂,restaurant,25.1722083,121.4444065
3424475254,598,雅香自助快餐,restaurant,24.9975555,121.4942870
2886414804,439,台灣小小吃,restaurant,25.0532335,121.5335608
3047378492,439,書香花園,restaurant,25.0526355,121.5357296
4325694164,601,紅油炒手,restaurant,24.9953364,121.5458312
5168913708,362,麒麟廳,restaurant,25.0796129,121.5271518
4325693463,438,喬喜快餐,restaurant,25.0433973,121.5312668
3910206257,138,21金小火鍋,restaurant,25.1694130,121.4437960
2307156551,330,四麵八方,restaurant,25.0836994,121.5933647
2643718602,353,老街甜不辣,restaurant,25.0778577,121.3866813
7211493167,438,火燒鳥日式居酒屋,restaurant,25.0511896,121.5227568
5766839215,161,大排檔,restaurant,25.1551663,121.4595151
3811440918,399,星巴克,cafe,25.0579169,121.5217444
7194706688,697,東昇園,restaurant,24.9708107,121.5875953
4633697989,398,大埔鐵板燒,restaurant,25.0571742,121.5178887
6127553963,593,韓二寶,restaurant,24.9954628,121.4281029
6115707829,287,筠芝和牛本舖,restaurant,25.1025372,121.5246346
4928425264,439,貝拉卡煎坏咖啡館,cafe,25.0517316,121.5353636
2595093652,472,喝桶海,restaurant,25.0309634,121.4634337
5492165350,479,宇宙客 市府捷運店,restaurant,25.0408282,121.5648860
4820442556,471,嘿!堡哥,restaurant,25.0394288,121.4471912
6127553955,593,Burger King,fast_food,24.9957042,121.4282184
7211425635,480,松園餐廳,restaurant,25.0366392,121.5873760
6024259059,601,燴飯,restaurant,24.9900662,121.5474140
1837958044,365,山東餃子館,restaurant,25.0818532,121.5709196
1716390586,514,早安你好,restaurant,25.0224415,121.5267705
2643752444,353,小吃512花屋,restaurant,25.0828071,121.3876682
2782015539,477,麥當勞,fast_food,25.0417665,121.5469016
4307554212,248,品鮨日式料理,restaurant,25.1195367,121.5122513
3337458101,639,私房の語哈拉吧,restaurant,24.9816738,121.4151719
5110348595,478,à chaud餐酒館,restaurant,25.0313932,121.5608097
4236824145,557,老李坊敘小吃店,restaurant,25.0042090,121.5367701
5839953126,477,悅華軒酒樓,restaurant,25.0354677,121.5438227
1413143455,511,肯德基,fast_food,25.0176434,121.4773197
7175344654,442,石碇公臭臭鍋,restaurant,25.0465987,121.5775647
4839870168,598,九方美食,restaurant,24.9996320,121.4982852
3860733227,216,阿德的店,restaurant,25.1373626,121.5417359
6796742193,365,使徒咖啡,cafe,25.0796496,121.5736052
7194706760,603,揉道Nubun,restaurant,24.9919434,121.5738883
3233919405,552,正老林羊肉爐,restaurant,25.0148456,121.4675701
4786142617,287,鼎泰豐,restaurant,25.1050572,121.5244404
2473232885,515,大易園,restaurant,25.0216763,121.5429045
6569447329,437,上林咖啡,cafe,25.0435287,121.5043849
4674672100,401,青島水餃,restaurant,25.0607059,121.5618329
7170215772,442,桃源街川味牛肉麵,restaurant,25.0485769,121.5813813
4033360502,601,我家牛排,restaurant,24.9993381,121.5438716
7194706766,482,胖老爹美式炸雞,restaurant,25.0394921,121.6211817
4732257209,368,鵝匠小吃店,restaurant,25.0714419,121.6095507
4927308621,437,老圓環油飯,restaurant,25.0513255,121.5148019
7175334776,366,陽光68早餐店,restaurant,25.0765529,121.5852790
2420117194,557,Just Curry,restaurant,25.0133450,121.5344975
5091520043,388,就是愛咖哩,restaurant,25.0581258,121.3686996
5839287686,516,怡客咖啡,cafe,25.0280198,121.5481477
2307156574,367,萬家香,restaurant,25.0831509,121.5928333
2526629218,471,麥當勞,fast_food,25.0353561,121.4483897
3760222677,365,Subway,fast_food,25.0753983,121.5768300
4236823734,476,摩賽卡法式茶館,restaurant,25.0295774,121.5284179
2614421418,597,真鍋,restaurant,25.0013584,121.4846846
7130799911,440,123紅豆餅,restaurant,25.0518837,121.5580881
4269582552,439,慶州館韓式料理,restaurant,25.0504101,121.5435300
1115760285,291,sky coffee,cafe,25.1035584,121.5806975
6969590191,641,一桶天下麻辣燙,restaurant,24.9789904,121.4423937
7175344789,442,加寶多早餐店,restaurant,25.0514220,121.5791563
6202943439,359,爭鮮,restaurant,25.0781921,121.4842089
3596859087,439,米之鄉池上木盒便當,restaurant,25.0468951,121.5407143
7170215753,442,香港頂品燒臘店,restaurant,25.0539916,121.5912212
3047376827,439,Mm咖啡,cafe,25.0526423,121.5351471
6865431287,248,隆昌海鮮,restaurant,25.1110034,121.5167472
3473216693,439,麋鹿祕密,restaurant,25.0528359,121.5343934
2450658783,478,Hong Kong茶水攤,restaurant,25.0419236,121.5547943
5782279698,601,草莓甜心早餐店,restaurant,24.9952731,121.5414195
4838087773,475,錢多日式迷你涮涮鍋,restaurant,25.0316264,121.5044039
6242158921,602,老蔡水煎包,restaurant,24.9997156,121.5556097
2959895961,437,金元寶牛肉麵,restaurant,25.0447172,121.5059459
3670374306,478,小酌館,restaurant,25.0425462,121.5545439
7170215744,443,胖老爹美式炸雞,restaurant,25.0532930,121.5926739
1839412164,365,鮮魚湯專賣店,restaurant,25.0825679,121.5654262
5207818324,287,成家,restaurant,25.1062679,121.5318541
3713706634,365,巷口- 麵線、油飯、甜不辣,fast_food,25.0816494,121.5709784
5893039185,438,乾杯,restaurant,25.0531370,121.5202762
3149872664,433,85度C咖啡蛋糕,cafe,25.0449060,121.4448948
4837986575,478,紅螞蟻,restaurant,25.0295480,121.5569453
3860054926,478,黑吧煎焙咖啡專賣店,cafe,25.0316038,121.5589175
3292267163,439,賓國古早味,restaurant,25.0545385,121.5405894
3465544639,554,永和豆漿大王,fast_food,25.0023513,121.4993866
6290547378,351,義瓦屋,restaurant,25.0705062,121.3691385
4834782556,734,大廚上菜,restaurant,24.9599578,121.5372499
2918239100,439,偉富涼麵,restaurant,25.0544338,121.5349282
3292774950,510,hot 7 新鉄板料理,restaurant,25.0185197,121.4650975
4007669199,514,上香川,restaurant,25.0160613,121.5316585
4571265128,139,試嚐知餐坊,restaurant,25.1775174,121.4510379
3835326757,649,早餐屋,restaurant,24.9826178,121.5596928
4946942422,365,百八魚場,restaurant,25.0804369,121.5680963
3449986769,554,德鑫廣東粥,restaurant,25.0026399,121.4981281
3422889545,640,吃飯店 各式熱炒店,restaurant,24.9820020,121.4193113
3416064598,598,蒸霸天下,restaurant,24.9999366,121.4984356
6024211735,600,麥味登,restaurant,24.9967099,121.5197594
4562046189,438,達摩串炸,restaurant,25.0496475,121.5227597
7095334644,439,火龍島極品火鍋,restaurant,25.0435000,121.5459177
4031296870,439,Cafe Flow,cafe,25.0509455,121.5335809
5377184659,401,爭鮮,restaurant,25.0582076,121.5559355
4427188148,360,思樂美早餐店,restaurant,25.0709296,121.4926058
2599137988,366,嗆燒日式炭火燒肉,restaurant,25.0827917,121.5911981
4820442564,471,烤肉,restaurant,25.0393346,121.4521768
5255079121,287,池上便當,restaurant,25.1069048,121.5258549
2917574235,433,刀削麵,restaurant,25.0497345,121.4581486
3324623845,514,咖哩先生,restaurant,25.0197812,121.5332058
3714843276,479,酒食歐風朝,restaurant,25.0404956,121.5738048
5236197422,287,圓環滷肉飯,restaurant,25.1080421,121.5296201
7175344716,512,早安美芝城,restaurant,25.0227942,121.4978240
4317781118,639,炭燒羊肉爐,restaurant,24.9832615,121.4118783
7175344628,513,頂香蚵仔麵線,restaurant,25.0284459,121.5091512
3901015054,762,帝一美食,restaurant,24.9458337,121.3749768
7175344684,442,松山割包,restaurant,25.0459194,121.5780065
6163372886,364,双人徐,restaurant,25.0834374,121.5540535
5513096455,511,阿義現蒸臭豆腐,restaurant,25.0185256,121.4788989
3815550877,639,麵食館,restaurant,24.9828702,121.4139185
7194693276,145,田園休閒餐廳,restaurant,25.1707598,121.5389051
5156836160,734,游記排骨酥湯,restaurant,24.9550906,121.5391208
7169581036,440,餥饗早餐店,restaurant,25.0510184,121.5547086
7169581009,440,千荷田,restaurant,25.0484222,121.5575896
3450729736,598,香港陳記港式燒臘,restaurant,25.0011398,121.4994868
4496468397,548,八方雲集 樹林保安店,fast_food,25.0042039,121.4134430
5212001322,249,麵麵,restaurant,25.1187110,121.5295290
4194566290,439,璐緹咖啡,cafe,25.0487831,121.5469630
4200643954,558,美再園自助餐,restaurant,25.0031708,121.5505775
4810840725,213,金飯碗自助餐店,restaurant,25.1334155,121.5024267
4225593280,438,Ilha Formosa Cafe,cafe,25.0547990,121.5201583
4058075209,479,台北永和豆漿大王,restaurant,25.0350886,121.5768979
2755438546,476,古蹟咖啡,cafe,25.0408926,121.5205376
7175344690,476,金華素食滷味素食麵,restaurant,25.0300684,121.5267250
4430912189,442,十利茶舖台北松山車站旗艦店,cafe,25.0491820,121.5782501
5948124626,365,怡客咖啡,cafe,25.0793904,121.5678133
2460008810,734,花蓮扁食,restaurant,24.9556303,121.5370180
4018208921,437,屋台料理,restaurant,25.0531268,121.5136701
2715138651,301,麗珠鍋燒麵,restaurant,25.1069583,121.8055895
5110349498,366,團緣精緻鍋物,restaurant,25.0803657,121.5902612
4293261214,651,提洛斯義大利麵,restaurant,24.9873915,121.5776151
5342495344,479,味家魯肉飯,restaurant,25.0423200,121.5637290
5108709475,601,串燒小廚,restaurant,24.9920370,121.5431150
6702964551,475,蔬果食（Lineting）,restaurant,25.0323275,121.5163851
7047358868,475,星巴克,cafe,25.0377810,121.5058302
3851245559,601,小放牛麵店,restaurant,24.9930342,121.5421648
4325693902,606,故鄉的口味,restaurant,25.0012533,121.6131725
5591399613,442,常旺熱炒,restaurant,25.0445637,121.5818137
5551681921,401,九州鬆餅,restaurant,25.0607817,121.5605958
5970357095,601,三水江烤肉飯蛋炒飯,restaurant,24.9981221,121.5447656
4478361461,287,芝山岩早餐店,restaurant,25.1019050,121.5293418
5403564287,139,路易．莎咖啡,cafe,25.1681236,121.4476030
4609603893,361,豐橋火鍋,restaurant,25.0833583,121.5099533
2473232920,515,Ooh Cha Cha,restaurant,25.0237550,121.5427597
5128286325,438,角落咖啡館,cafe,25.0526213,121.5309068
7211425751,374,港記,restaurant,25.0827217,121.6961302
4524863792,363,高雄黑輪大王,restaurant,25.0797422,121.5469811
7368631850,397,二鬼麵舖,restaurant,25.0627127,121.4995955
3046927710,439,帝一沙茶牛羊肉,restaurant,25.0545026,121.5346725
7211419080,480,廣誠素食,restaurant,25.0361123,121.5781180
7211425788,480,上海鮮肉包,restaurant,25.0383260,121.5845320
7271132440,139,初双双早午餐 Brunch & Caf'e,restaurant,25.1695319,121.4463841
5624488639,388,綠品原健康蔬食長庚店,restaurant,25.0597280,121.3689385
4311312589,437,榮、和漢酒餚,restaurant,25.0526577,121.5144817
3670571766,249,五花馬,restaurant,25.1184580,121.5242749
6149974268,474,Chicken,fast_food,25.0384646,121.5016858
2357128245,602,小點心世界鍋貼大王,restaurant,24.9996294,121.5557301
5551844221,477,cama現烘咖啡專門店,cafe,25.0332014,121.5421320
6485838027,471,Louisa Coffee 路易莎咖啡,cafe,25.0321712,121.4501328
3457792194,510,翻桌吧！,restaurant,25.0283994,121.4701912
2399354852,601,85度C麵包坊,cafe,24.9917694,121.5412136
2347622648,439,世家快炒小吃店,restaurant,25.0531000,121.5389699
3860789083,593,鹽酥雞,restaurant,24.9916462,121.4225080
2146145710,439,金玉滿堂芋餃抄手麵食,restaurant,25.0514819,121.5434941
4231372854,440,彌生軒,restaurant,25.0512327,121.5617951
3939158015,441,塔悠便當自助餐,restaurant,25.0511061,121.5710425
4886170121,304,九份阿柑姨芋圓,restaurant,25.1077352,121.8436496
5334331922,438,青葉台灣料理,restaurant,25.0506040,121.5234875
6884086961,443,K&Mia Cafe,cafe,25.0544880,121.6060403
2621123720,516,彌生軒,restaurant,25.0251714,121.5490867
6323106711,478,王牌 巴賽隆納,restaurant,25.0335914,121.5597028
4040070706,640,飽寶堡,restaurant,24.9774484,121.4171681
6032440286,438,金品茶語,restaurant,25.0522590,121.5206801
3923847458,515,玉欣珍傳統美食坊,restaurant,25.0251353,121.5436570
3414322532,640,芯園牛排,restaurant,24.9795188,121.4187032
5544090026,249,Chef's,cafe,25.1150991,121.5324026
1703071856,648,麥當勞,fast_food,24.9806103,121.5416897
4109113490,684,寶媽香香鍋,restaurant,24.9722037,121.3934339
4078673438,401,阿里港剝骨鵝肉攤,restaurant,25.0567414,121.5553776
4836631376,475,Seven Cafe,cafe,25.0323657,121.5176213
3009819638,139,池王冠,restaurant,25.1748824,121.4465042
6127437883,555,Louisa Coffee,cafe,25.0040788,121.5145696
3304642006,440,韓江烤肉,restaurant,25.0470368,121.5493058
4553191689,516,好樹早午餐,restaurant,25.0242505,121.5498137
3656221034,476,四季明餐廳,restaurant,25.0315544,121.5284335
4676227138,254,海倫咖啡,cafe,25.1234923,121.6020672
4443758494,694,逸雨閣涮涮屋,restaurant,24.9739052,121.5427490
7211425488,444,義芙輕食館,restaurant,25.0560305,121.6142410
5717534184,476,志明紅麵線,restaurant,25.0306097,121.5294512
4725809126,368,客蓉來生猛海鮮餐廳,restaurant,25.0718673,121.6087143
3656266625,476,晶都鐵板燒,restaurant,25.0328884,121.5281797
3661063910,249,B1－Subway 薩巴威餐廳,restaurant,25.1160427,121.5233938
3044962533,211,漾食堂,restaurant,25.1362382,121.4623177
5551865624,477,岩谷新鐵板料理,restaurant,25.0330727,121.5419758
4031297509,439,93巷人文空間,cafe,25.0505397,121.5335764
6006831546,648,八哥重慶酸辣粉,restaurant,24.9869547,121.5477833
4524318971,601,滾吧,restaurant,25.0015189,121.5396608
4325694194,601,豐富快餐便當,restaurant,24.9921725,121.5430155
3732207979,514,CAFE Macho早秋咖啡,cafe,25.0259020,121.5212767
7175344519,513,崁頂廟口湯圓,restaurant,25.0282266,121.5093431
6907881786,408,熊鍋燒,restaurant,25.0622545,121.6539737
5515959699,437,富士鐵板燒,restaurant,25.0472624,121.5168962
7184923020,438,爭鮮外帶,restaurant,25.0488246,121.5191931
7213007943,515,巴薩克咖啡,cafe,25.0264783,121.5395138
5602810122,90,豆花王,fast_food,25.2091712,121.6548054
2935765093,400,全宏素食自助餐,restaurant,25.0603662,121.5345886
2300974266,367,吳記烤肉飯,restaurant,25.0801103,121.5924267
7211425543,480,鹿記壽桃壽麵專賣店,restaurant,25.0379595,121.5848089
3835345480,650,劉家香雞排,restaurant,24.9839312,121.5684922
2771771224,552,BELLA CAFE,cafe,25.0106616,121.4634080
7194706934,364,"Chili,s",restaurant,25.0827485,121.5596424
4394603469,762,錢都日式刷刷鍋,restaurant,24.9426574,121.3756605
6406146588,511,羽兒咖啡館,cafe,25.0232323,121.4749174
5110488948,439,古月炎居酒屋,restaurant,25.0514723,121.5374374
3597899312,475,cama café,cafe,25.0354851,121.5081981
6022435425,325,咖啡物語,cafe,25.0898709,121.5263219
2316045628,650,麥當勞,fast_food,24.9879063,121.5748065
7175344549,515,亞果早午廚坊,restaurant,25.0272077,121.5455561
3196847503,439,王記府城肉粽,restaurant,25.0479199,121.5460028
3851543642,438,呷尚寶,restaurant,25.0455611,121.5252809
2473809670,514,海邊的卡夫卡,cafe,25.0171889,121.5313764
4033359740,601,和田日式料理,restaurant,24.9992665,121.5398272
5639866634,388,墨爾漢堡長庚店,restaurant,25.0585271,121.3640263
3493014857,598,麥味登,fast_food,24.9992255,121.4973561
6843965617,595,麥味登,restaurant,24.9895934,121.4494761
5875366062,475,永富福州魚丸,restaurant,25.0416788,121.5054899
3824673529,438,香港榮華燒臘快餐,restaurant,25.0436021,121.5316118
6103641073,287,頤園素食小館,restaurant,25.1023751,121.5242976
4200643101,602,車站腿庫飯,restaurant,25.0010366,121.5499053
5083921530,601,路易沙咖啡,cafe,24.9958711,121.5408535
4740874684,367,ieat早午餐,restaurant,25.0740534,121.6058157
6427455385,478,Coffee Olivia Roaster,cafe,25.0385154,121.5557849
4842666129,516,李白居,restaurant,25.0265012,121.5494259
6190337457,593,Comebuy,cafe,24.9967908,121.4210921
7175334753,366,當口牛肉麵,restaurant,25.0752658,121.5853181
4524318982,601,正港小吃,restaurant,24.9957027,121.5413735
743173499,514,Cafe Bastille台大店,cafe,25.0188556,121.5328800
3347627770,640,東山鴨頭,restaurant,24.9811970,121.4194691
3759833853,724,嘟嘟堡早午餐,restaurant,24.9513685,121.3877869
4756039061,517,蚵仔之家,restaurant,25.0228921,121.5693368
4314508126,593,炒飯大王,restaurant,24.9913818,121.4219028
4085141425,595,Nu Pasta,restaurant,24.9962420,121.4514627
7004093442,437,名捷印尼餐廳,restaurant,25.0499919,121.5114868
7170215742,443,12點食分,restaurant,25.0524472,121.5932512
3704049687,478,麥亨堡,restaurant,25.0326369,121.5572796
2596888821,597,85度c,cafe,25.0010600,121.4813313
2326615552,439,哈哈漢堡,restaurant,25.0502872,121.5353561
4524863659,516,Subway,fast_food,25.0273883,121.5625839
4164587929,438,星巴克,cafe,25.0519354,121.5245802
4347354691,405,1010湘,restaurant,25.0584095,121.6150120
4218630451,437,張家三代魯肉飯,restaurant,25.0470902,121.5128270
4269582561,439,渥寶吉川滷冒菜,restaurant,25.0437576,121.5397917
4524863670,517,董師傅牛肉麵炒飯麵,restaurant,25.0250799,121.5630734
4928425279,439,Wei Coffee,cafe,25.0537030,121.5349886
3540745521,512,麥當勞,fast_food,25.0283063,121.4950545
7138715829,288,天母豆漿,restaurant,25.1097606,121.5349946
2494670822,440,隨緣居,restaurant,25.0519265,121.5497236
7194693282,482,福來食坊,restaurant,25.0401486,121.6205473
6356216091,408,阿米巴,cafe,25.0630782,121.6539540
3044962433,211,幸福客棧港式粵菜館,restaurant,25.1361936,121.4622620
2297924584,367,松哥但仔麵,restaurant,25.0799069,121.5925762
7193346157,322,六合飯担,restaurant,25.0872487,121.4799549
4756039062,517,池上飯包,restaurant,25.0228009,121.5692626
2932698804,139,大呼過癮臭臭鍋,restaurant,25.1721739,121.4455078
4375119414,475,濟島,restaurant,25.0319942,121.5165205
6024290583,510,犇頂牛排店,restaurant,25.0223657,121.4653397
7004289010,479,滿藝廚房,restaurant,25.0338992,121.5644985
4339678197,408,火車頭快炒,restaurant,25.0677835,121.6623597
2616912774,439,老四川台北長安店,restaurant,25.0482532,121.5355883
5839763026,477,La Giara,restaurant,25.0356751,121.5434074
4794449530,437,火車壽司大車輪,restaurant,25.0436454,121.5065182
2755438558,476,臺大男二宿舍餐廳,restaurant,25.0409431,121.5216728
2638283901,478,嗑漢堡,restaurant,25.0310480,121.5611196
2953863270,139,SUBWAY潛艇堡(淡大店),restaurant,25.1775810,121.4479730
3359340194,371,85度C,cafe,25.0727006,121.6636790
5680774183,514,朝鑫壽司,restaurant,25.0217891,121.5262944
3384221911,351,星巴克,cafe,25.0728718,121.3649150
4713548041,398,露·易莎,cafe,25.0574367,121.5116409
3835377573,650,天天有氧早餐,restaurant,24.9835419,121.5676959
4438631688,439,正饌素食,restaurant,25.0549202,121.5419693
3699875997,444,香味自助餐,restaurant,25.0445676,121.6160662
4820634510,561,找茶找餐,restaurant,25.0039545,121.6039044
7169581033,440,吉峰香菇魯肉飯,restaurant,25.0480405,121.5547219
2316045625,650,星巴克,cafe,24.9878062,121.5756956
6323106723,478,雲錦中餐廳,restaurant,25.0350560,121.5626210
4370612641,441,鮮五丼,restaurant,25.0480826,121.5662359
2460009401,438,小蒙牛頂級麻辣養生鍋,restaurant,25.0518574,121.5289164
2526186864,649,興隆鹹粥,restaurant,24.9879151,121.5521750
3136633714,476,貓下去,restaurant,25.0405798,121.5236873
5219061622,249,艾迪墨西哥餐廳,restaurant,25.1140716,121.5279453
2560872857,372,憶福自助餐,restaurant,25.0802388,121.6738414
3872432780,444,帝王食補 世貿店,restaurant,25.0533312,121.6160079
2318383283,514,吉野家,fast_food,25.0264034,121.5231879
7211419043,442,鴻利香雞排,restaurant,25.0459443,121.5872936
3717110925,514,香鄉麵食館,restaurant,25.0161749,121.5308443
5569304677,442,滿漢海鮮快炒,restaurant,25.0451917,121.5804334
7175344544,366,李師傅素食酥餅,restaurant,25.0782185,121.5811116
4373131337,514,華王排骨,restaurant,25.0288317,121.5208696
7175344485,441,日本丸,restaurant,25.0504107,121.5743886
3674328941,478,日本食堂,restaurant,25.0317243,121.5545526
5286876064,602,頂呱呱,restaurant,25.0001866,121.5563131
2926850701,139,京巧美食館,restaurant,25.1701686,121.4473305
2965449933,138,漁人咖啡西餐,restaurant,25.1743363,121.4333506
7175344666,512,美而美,restaurant,25.0199396,121.4965425
6323106730,479,ChocoArt巧克光廊,restaurant,25.0385117,121.5681624
2450658710,478,清真中國牛肉館,restaurant,25.0420305,121.5549874
3851546383,438,驊山自助餐,restaurant,25.0458535,121.5250902
2751198277,438,北平上園樓,restaurant,25.0441118,121.5230244
3334199894,601,丹提咖啡,cafe,24.9923521,121.5437193
4549415489,398,意麵王,restaurant,25.0580788,121.5116559
2171051931,330,和田美食堂,restaurant,25.0846296,121.5958476
4432484275,366,丼饌,restaurant,25.0812295,121.5779982
2616959876,692,達美樂比薩,fast_food,24.9638794,121.5156171
4050767737,402,王記府城肉粽,restaurant,25.0576009,121.5633728
7175334779,191,小夫妻,restaurant,25.1501989,121.5483947
7004305905,444,22:02火鍋,restaurant,25.0529035,121.6070089
4449757822,438,天津自助餐,restaurant,25.0495016,121.5224939
6205703853,248,巨林美而美,fast_food,25.1119847,121.5153174
7211425591,480,美而美早餐店,restaurant,25.0395578,121.5874179
6131867504,762,拉亞漢堡,restaurant,24.9426023,121.3725926
3144821480,440,海力士,restaurant,25.0480624,121.5532162
2799084316,367,呷尚寶,fast_food,25.0817483,121.5925044
7002886741,437,新葡苑,restaurant,25.0461397,121.5152931
4325693906,478,星巴克,cafe,25.0296744,121.5577770
6024255798,602,麻辣燙,restaurant,24.9894276,121.5493056
7211419028,480,寶樂咩海苔飯捲,restaurant,25.0382844,121.5850678
6090466090,325,莊記,restaurant,25.0886911,121.5241618
7041236938,507,響聚早午餐,restaurant,25.0239477,121.4245603
4837986541,478,第二出口,restaurant,25.0329335,121.5520097
4325693947,514,甲范讚快餐便當,restaurant,25.0169927,121.5296568
7194706827,482,TUCAN 大嘴鳥簡餐店,restaurant,25.0418369,121.6179017
740378986,514,銅樂咖啡,cafe,25.0170957,121.5331381
7368631870,397,泰品泰式料理,restaurant,25.0639247,121.4995198
4524863618,439,BOBBY BOX,restaurant,25.0463762,121.5436256
4145118696,643,摩斯漢堡,fast_food,24.9866927,121.4661329
3693598196,514,Dante Coffee,cafe,25.0247649,121.5270112
4108971719,439,火鍋粵式豬肚煲鍋,restaurant,25.0517330,121.5374186
7077965363,438,呷食益,restaurant,25.0522692,121.5295561
3027219944,515,八方雲集水餃店,restaurant,25.0249669,121.5450258
3188284529,650,曾家涼麵,restaurant,24.9865232,121.5681979
4354676314,506,萬家鄉,cafe,25.0184769,121.4066221
2572568049,602,新味珍復古熱炒,restaurant,25.0009878,121.5556279
6188959120,408,圓多利,restaurant,25.0665376,121.6621046
2618185910,353,三媽臭臭鍋,restaurant,25.0784473,121.3878265
3433829993,761,85度C,cafe,24.9362208,121.3703558
3707479457,437,樂雅樂家庭餐廳,restaurant,25.0456517,121.5166267
5504491311,601,大呼過癮臭臭鍋,restaurant,25.0020167,121.5379013
2645583718,475,Cutty Sark Tea House,cafe,25.0316273,121.5111099
7037347320,437,碗粿之家,restaurant,25.0523769,121.5137043
6153674649,476,阿才的店,restaurant,25.0380014,121.5268484
6024267591,185,竹圍天然素食,restaurant,25.1378206,121.4614668
7211419021,480,觀世音素食,restaurant,25.0386367,121.5848928
5052921369,399,三五手工水餃,restaurant,25.0578954,121.5215443
4512469695,601,開口笑早餐店,restaurant,24.9903900,121.5395084
6354698715,439,八方雲集,restaurant,25.0443913,121.5436001
7130802028,400,花敦道鍋物,restaurant,25.0611066,121.5473601
6749527359,551,Merci Vielle,cafe,25.0096163,121.4571871
2378064453,648,丹堤咖啡,cafe,24.9762674,121.5352393
3812406081,601,金美娘甲到飽鮮羊肉爐,restaurant,24.9954794,121.5465650
4822540921,114,魚藏海鮮宴會廣場,restaurant,25.1846614,121.4110478
7095334646,477,粵香園,restaurant,25.0427608,121.5468724
3036388761,511,成昌食堂,restaurant,25.0167200,121.4757361
7047108010,353,金正好吃台灣黄金四寶林口店,restaurant,25.0776229,121.3905703
5493901122,438,玫瑰古蹟-蔡瑞月舞蹈社,restaurant,25.0557507,121.5219119
4218630456,438,7號咖啡館,cafe,25.0435861,121.5212840
4213857001,734,富山複合料理,restaurant,24.9597061,121.5394972
2238341877,694,高雄肉圓,restaurant,24.9644182,121.5405032
3939254261,117,貴族世家,restaurant,25.1806505,121.4535372
7004220038,364,胖哥雞排,restaurant,25.0803377,121.5485803
2826060615,366,如意素食,restaurant,25.0798838,121.5786776
4147351039,511,台茶1號,cafe,25.0173974,121.4790789
2293203434,399,義大利麵,restaurant,25.0670288,121.5242650
4384259009,648,星巴克,cafe,24.9831063,121.5377994
4837986467,478,十全排骨,restaurant,25.0303843,121.5541440
7320973074,515,好時光咖啡,restaurant,25.0186006,121.5340219
6024214191,600,鍋神刷刷鍋,restaurant,24.9968136,121.5226314
5110489807,475,漢江韓菜,restaurant,25.0412600,121.5061020
7095347116,477,Saveurs歐洲風味餐坊,restaurant,25.0389460,121.5446371
4524863992,478,梅園牛肉麵館,restaurant,25.0397712,121.5528345
5188243421,325,南洋小吃,restaurant,25.0898558,121.5232951
7175344553,512,張記油豆腐細粉,restaurant,25.0203265,121.4980846
4538270104,734,王家包子店,restaurant,24.9562659,121.5380242
3019436533,139,媽媽樂早餐屋,restaurant,25.1741657,121.4514496
2913815732,116,定食8,restaurant,25.1878041,121.4435349
7194706867,482,詹媽媽早餐店,restaurant,25.0339389,121.6105945
5608538934,363,佳佳牛排,restaurant,25.0825472,121.5463985
6859215686,642,路易莎咖啡,cafe,24.9870428,121.4505059
6579380105,398,一芳台灣水果茶,fast_food,25.0660065,121.5110931
5391627476,437,露易莎,cafe,25.0446877,121.5166058
2559997570,982,海倫咖啡,cafe,24.8617486,121.5509253
7211425637,480,松旺臭豆腐,restaurant,25.0377322,121.5792382
6876041248,602,池上木片便當,restaurant,25.0014063,121.5505403
2395698400,471,挫冰,restaurant,25.0335393,121.4503170
5698897064,477,鮪一繙,restaurant,25.0326173,121.5437852
3835345486,650,好鄰居小吃店,restaurant,24.9838538,121.5663131
3232530054,367,四川龍府,restaurant,25.0723139,121.6052322
6876041267,602,古早味瘦肉粥,restaurant,25.0006552,121.5497477
4820442566,471,麵食館,restaurant,25.0379038,121.4520081
3044957633,185,香港梁記港式燒臘,restaurant,25.1379183,121.4622809
4301001261,439,大肉盤好食多(整修),restaurant,25.0443491,121.5464645
7175344763,441,心心港式腸粉,restaurant,25.0508232,121.5770114
5628923012,439,嗜吃好食,restaurant,25.0564157,121.5420498
2912239189,139,永和豆漿,restaurant,25.1675599,121.4473973
4838106339,761,雙胞胎越南料理,restaurant,24.9386751,121.3668246
5552728614,442,石二鍋,restaurant,25.0440167,121.5816206
3292775576,510,瑞麟美而美,restaurant,25.0195577,121.4662680
2910394601,138,山山來茶,restaurant,25.1700680,121.4390813
5785842153,656,驛站小吃,restaurant,24.9885904,121.6640512
5356596221,552,添好運,restaurant,25.0137155,121.4664681
3909253523,640,土魠魚羹肉羹,restaurant,24.9797171,121.4182836
2949646073,399,原德惠街牛肉麵,restaurant,25.0640191,121.5254971
3511745314,479,玫瑰園別館,restaurant,25.0413906,121.5653105
3959168658,762,憨吉朗 Brunch,restaurant,24.9473374,121.3735067
3270616979,438,Twinings,cafe,25.0548350,121.5196519
4325694162,438,米香池上飯包,restaurant,25.0434865,121.5315140
7175344647,512,真牛味,restaurant,25.0212576,121.4990589
2688236639,213,Solo Singer Life,cafe,25.1341865,121.5027053
7095347137,439,串燒-殿,restaurant,25.0434652,121.5476470
3959167645,723,上米池上便當,restaurant,24.9484362,121.3740910
3414322533,640,瑞麟美而美樹林太順店,restaurant,24.9796798,121.4189428
3337457974,640,如意亭美食館,restaurant,24.9836073,121.4182133
7211425783,404,大排檔海鮮快炒,restaurant,25.0573727,121.6018891
5255102221,287,金仙蝦捲飯,restaurant,25.1073156,121.5275433
5938836787,514,圖貝塔極品咖啡,cafe,25.0223179,121.5304398
7194693213,190,Vino fiore Bistro,restaurant,25.1382525,121.5458235
3664674630,514,稲咖哩,restaurant,25.0200274,121.5329937
4200642685,601,63 Brunch,cafe,24.9964831,121.5448177
3286110742,514,海賊食堂飯麵小館,restaurant,25.0194391,121.5316274
7213007960,515,釀釀禾,restaurant,25.0222737,121.5429309
7368631872,397,西町日本料理,restaurant,25.0635119,121.4997420
7217108223,648,大心,restaurant,24.9762655,121.5461762
4201921392,438,永和豆漿,restaurant,25.0550178,121.5280364
2597965496,476,高記上海點心浙滬美饌,restaurant,25.0332159,121.5299614
7129638620,438,紅拾玖,fast_food,25.0562170,121.5195389
7194706824,325,倉田丸田二代目,restaurant,25.0931356,121.5272262
5471728023,363,家庭便當,restaurant,25.0824152,121.5443815
4841177876,158,八方雲集,restaurant,25.1584710,121.4117243
2287856718,444,AWESOME PASTA歐森義式餐飲,restaurant,25.0533070,121.6160987
3510130286,552,小廚房Kitchenette CAFE,cafe,25.0116436,121.4739912
6843918609,514,龍泉深海鮮魚湯,restaurant,25.0222275,121.5287896
5395213422,515,遊藝思文創空間,cafe,25.0223074,121.5411832
4307603608,287,阿里郎村落,restaurant,25.1032635,121.5221426
6995661045,437,德克士脆皮炸雞,restaurant,25.0467529,121.5170282
7037347317,399,源美素食,restaurant,25.0578088,121.5208645
4018217598,599,虱目魚,restaurant,24.9933267,121.5049866
6448221674,365,瑞山韓食,restaurant,25.0816918,121.5724145
2858310516,506,魯肉發無刺虱目魚粥,restaurant,25.0234852,121.4141562
2901300206,437,三商巧福,restaurant,25.0445600,121.5157370
5110348556,441,老虎醬溫州大餛飩,restaurant,25.0515871,121.5644422
3731275471,723,北大營養中心,restaurant,24.9493156,121.3794344
5917357450,507,赤麵廠 レッドラーメン,restaurant,25.0228438,121.4226856
5593500925,325,江醫師健康廚房,restaurant,25.0957809,121.5291065
6529784687,475,鑫鑫鋐素食坊,restaurant,25.0415247,121.5052308
4149564881,556,魚玄機私家菜,restaurant,25.0157129,121.5319361
4524863997,478,林家東區麵線,restaurant,25.0399572,121.5530617
2643752435,353,金麵線臭豆腐,restaurant,25.0812633,121.3896373
3188363591,650,美饍涮涮鍋,restaurant,24.9877007,121.5655140
5012242398,478,麵屋緣,restaurant,25.0306355,121.5501251
3462988623,598,關山便當,restaurant,24.9958955,121.5012896
3820884973,213,金春發牛肉麵,restaurant,25.1376768,121.4931911
3438907391,639,心程咖啡 輕食house,restaurant,24.9824454,121.4130453
4224611091,437,黒點鶏肉食堂,restaurant,25.0519727,121.5131966
6096063101,324,古早味腿庫飯,restaurant,25.0888412,121.5182636
7138715837,249,健康廚房,restaurant,25.1115926,121.5300322
6969436645,694,食餛飩,restaurant,24.9688586,121.5400475
2395778677,471,健康滷味,fast_food,25.0335116,121.4495189
4633697990,476,南門飯包,restaurant,25.0319678,121.5191044
4524864548,602,Atelier 92,cafe,24.9979625,121.5586576
3278448295,640,國華土魠魚羹,restaurant,24.9802876,121.4160342
4524864030,439,樂樂炭火燒肉,restaurant,25.0491455,121.5363087
5455666172,680,麥當勞,fast_food,24.9645109,121.3327996
4426737577,549,八方雲集,restaurant,25.0116803,121.4242119
5586089963,442,鍋鍋肉 韓式平價涮涮鍋,restaurant,25.0438780,121.5815236
4149458756,363,八方雲集,restaurant,25.0800615,121.5472167
4340649185,360,原燒,restaurant,25.0714253,121.4947759
4530241689,643,錢都涮涮鍋,restaurant,24.9876599,121.4634452
2188306467,439,綠逗薏人,restaurant,25.0561755,121.5420707
7320973076,438,易易海南雞飯,restaurant,25.0535619,121.5318547
7194706779,482,家常熱炒,restaurant,25.0348977,121.6142381
2643730293,353,台南海產火鍋城,restaurant,25.0790278,121.3877846
5110245071,477,小林食堂,restaurant,25.0340785,121.5343962
6778593285,509,阿漢麵店,restaurant,25.0188048,121.4569129
4325694223,438,鼎古粥棧,restaurant,25.0436470,121.5318053
3391076534,640,琪全早餐店,restaurant,24.9821230,121.4189838
6185406660,400,拉亞漢堡,restaurant,25.0646798,121.5339849
2174595788,439,福哥滷味,restaurant,25.0523793,121.5397579
6749527346,478,Basement Cafe,cafe,25.0365772,121.5564790
4043625910,601,燈籠滷味(創始店),restaurant,24.9894228,121.5415425
3750783999,478,好丘good cho's,cafe,25.0313898,121.5618383
7002886733,437,韓鶴亭,restaurant,25.0457447,121.5152983
3026981649,116,175 Pasta,restaurant,25.1810881,121.4435313
6182991543,433,八方雲集,restaurant,25.0537650,121.4545171
3050255125,439,元味便當/快餐,restaurant,25.0442783,121.5349106
3837332698,640,萬佳香早餐,restaurant,24.9808708,121.4244802
6323106741,437,雲軒西餐廳,restaurant,25.0491699,121.5177691
6794573762,304,61咖啡館,cafe,25.1100848,121.8449611
3711361611,478,老鍾國,restaurant,25.0321574,121.5588663
5256908024,249,大惠素食,restaurant,25.1109218,121.5292538
4524864528,440,大阪燒肉雙子,restaurant,25.0430436,121.5531262
6096056290,324,良益筒仔米糕,restaurant,25.0884494,121.5181774
5110348674,440,水貨魚火鍋炭火燒魚,restaurant,25.0519180,121.5506421
4235796404,437,豆腐鍋之家,restaurant,25.0431612,121.5074688
3440499391,554,萊亞涮涮鍋,restaurant,25.0039958,121.4963813
7138715814,214,Kahurangi Cafe,restaurant,25.1366339,121.5110263
4138747092,402,摩斯,fast_food,25.0581171,121.5637343
6925898985,517,圓環頂蚵仔煎,restaurant,25.0272619,121.5645613
2592250544,555,易鼎活蝦,restaurant,25.0118387,121.5045750
7342353320,506,城市超大雞腿飯,fast_food,25.0171817,121.4095590
3704216325,438,四平小館,restaurant,25.0537021,121.5322545
2925745990,138,老圓環焢肉排骨便當,restaurant,25.1694497,121.4436892
5110348745,441,八方雲集,restaurant,25.0511315,121.5663085
2713719852,694,爭鮮迴轉壽司,restaurant,24.9730758,121.5393606
3748632776,515,the Diner樂子,restaurant,25.0265848,121.5396020
7106812000,514,金甌滷味,restaurant,25.0245243,121.5293220
4325693938,606,湯圓之家,restaurant,25.0015742,121.6149591
4524864187,437,韓國食堂,restaurant,25.0445432,121.5081002
4298897602,475,中正台菜自助餐,restaurant,25.0426006,121.5129816
3036519141,650,木柵水煎包,restaurant,24.9876758,121.5693029
5556152825,474,麗珠什錦麵,restaurant,25.0322334,121.5004010
6090447439,325,台灣甜心,restaurant,25.0883175,121.5240489
7211419076,480,漁助夜食堂,restaurant,25.0394123,121.5793145
6734905613,304,配夜,restaurant,25.1097220,121.8448921
7213007982,515,Barkers,restaurant,25.0231322,121.5429510
3233931114,552,寬心園精致蔬食,restaurant,25.0118188,121.4659216
3341995469,640,丹翊健康早餐,restaurant,24.9828189,121.4226824
3473216593,439,大方粥麵,restaurant,25.0529817,121.5336901
7194706971,444,麥多多早餐店,restaurant,25.0469473,121.6155542
4945133722,398,Starbucks,cafe,25.0592738,121.5133969
7282086685,982,烏來小米麻吉,fast_food,24.8627102,121.5515107
7194706959,398,君城本家,restaurant,25.0657732,121.5139527
3835346172,649,及品豬腸冬粉油飯,restaurant,24.9858768,121.5610332
4325693466,697,四哥的店,restaurant,24.9670970,121.5907588
7169581035,440,忠將蔥抓餅,restaurant,25.0511685,121.5547492
4569821975,475,蜂大咖啡聽,cafe,25.0425572,121.5063436
2751198265,475,金鋒魯肉飯,restaurant,25.0320322,121.5185082
2913975303,139,辜媽媽藥燉排骨,restaurant,25.1702623,121.4469813
6882654484,408,旺記燒臘,restaurant,25.0628983,121.6599315
3412155694,601,陳年傳統小吃盒快餐,restaurant,24.9928904,121.5441356
1837942492,365,拉麵一番星,restaurant,25.0826272,121.5665067
5495198021,325,麥味登,restaurant,25.0919156,121.5255031
3909277305,640,寶湯臭臭鍋,restaurant,24.9793583,121.4183155
5286850713,602,胖老爹炸雞,restaurant,24.9987681,121.5579977
2638333410,399,百八魚場,restaurant,25.0575978,121.5213984
6796875682,366,盆頭便當,restaurant,25.0718485,121.5895653
4243080390,397,神鶴鐵板燒,restaurant,25.0666977,121.5015170
7170215599,402,花月嵐拉麵,restaurant,25.0625339,121.5754511
2146230333,399,巧軒食堂,restaurant,25.0612063,121.5329452
4603972791,436,馬林漁生猛海鮮,restaurant,25.0433935,121.5035117
5274522922,399,脆皮鮮乃甜甜圏,cafe,25.0641856,121.5253060
2292591825,692,安民美又美,restaurant,24.9749519,121.5173078
4810839426,213,淳覺直饌,cafe,25.1312690,121.4981132
4142560391,648,85度C,cafe,24.9795470,121.5444762
4143929424,648,韓風饌,restaurant,24.9790614,121.5425465
2518367458,439,老貳樓餐廳,restaurant,25.0481557,121.5400451
3707814377,762,古都便當,restaurant,24.9421403,121.3788351
4147351034,553,Tea館,cafe,25.0150379,121.4792411
5848573262,366,Bitzantin Crypto Cafe & Lab,cafe,25.0821854,121.5903685
6407536511,213,漢奇肉羹,restaurant,25.1327394,121.4998975
3465414835,599,涮八秒湯咖哩,restaurant,24.9970871,121.5042795
2460626617,439,順興自助餐,restaurant,25.0538304,121.5434050
4201450089,401,A‧Place Café,cafe,25.0595409,121.5485919
7175344516,441,麥味登,restaurant,25.0460080,121.5722335
6099308596,479,遇月全,restaurant,25.0428233,121.5662691
7194693247,364,米歐,restaurant,25.0789559,121.5520130
3044953233,185,悟饕池上飯包,restaurant,25.1383733,121.4629156
6939523046,475,台灣甘蔗頭養生健康鍋,restaurant,25.0428270,121.5052975
4552366809,139,無辣不歡,restaurant,25.1767103,121.4481513
4432818417,555,福州乾拌麵,restaurant,25.0065220,121.5061693
3792883483,388,Comebuy,cafe,25.0589284,121.3697207
2927055848,138,川賀屋日本料理,restaurant,25.1776178,121.4432232
3034549343,248,五花肉飯,restaurant,25.1120133,121.5103105
2951335369,441,小樽手作咖啡,cafe,25.0496499,121.5655596
3794607281,601,興記燒臘店,restaurant,24.9927579,121.5413625
7194706716,482,舊莊蚵仔麵線,restaurant,25.0392522,121.6214971
3422889546,640,深坑臭豆腐‧蚵仔煎‧鮮蚵大腸麵線‧肉圓 樹林八德店,restaurant,24.9821724,121.4192158
3664000341,478,伊畋咖啡,restaurant,25.0315910,121.5545475
4018217599,599,溫州大餛飩,restaurant,24.9933106,121.5051198
6969436651,694,榮幸日式食堂,restaurant,24.9682410,121.5403908
7130802075,401,品川蘭,restaurant,25.0643787,121.5527489
5504491299,601,早點豆漿,restaurant,25.0019803,121.5370966
7184923029,437,小魏川菜餐廳,restaurant,25.0455108,121.5174641
2308209020,366,台北阿郎 塩酥雞,restaurant,25.0831550,121.5919082
5132317149,139,鄉城自助餐,restaurant,25.1737886,121.4506231
3510223090,400,好日子早午餐,restaurant,25.0576620,121.5418753
7194706970,216,1942II 美式漢堡,restaurant,25.1371759,121.5431294
4325693408,476,My More烘培餐廳,restaurant,25.0427247,121.5305894
3292775561,510,亞林豆漿大王,restaurant,25.0168571,121.4656599
4298897615,438,每日和食料理,restaurant,25.0542736,121.5310172
7194693219,601,Yic Yoga,restaurant,24.9943528,121.5382911
4292071194,437,旺客鍋坊,restaurant,25.0507746,121.5180079
7175344501,367,熱食部,restaurant,25.0720756,121.5954874
3771899124,593,義麵窩,restaurant,24.9920964,121.4228047
5591399612,442,京華樓,restaurant,25.0446245,121.5817548
2939920438,115,海宴海鮮餐廳,restaurant,25.1790604,121.4205456
4452616508,438,鰻味屋長安店,restaurant,25.0493470,121.5228469
3464721400,598,姚家山東餃子,restaurant,24.9965996,121.5036888
2826048600,329,Family Mart,restaurant,25.0882641,121.5868216
7175344646,249,尋偵手作日本料理,restaurant,25.1186926,121.5219623
2965491627,441,小阿姨複合式餐飲,restaurant,25.0474276,121.5665669
4325693930,649,泰喜廚房,restaurant,24.9822511,121.5622905
3216077386,476,六品小館,restaurant,25.0305188,121.5285253
6763209768,478,梁社漢排骨,restaurant,25.0397925,121.5532950
7365964051,397,好品味牛排,restaurant,25.0655962,121.4988947
4384259007,601,早點,restaurant,24.9911359,121.5425267
7014022773,398,林家鯊魚煙,fast_food,25.0635087,121.5110722
7211425813,403,PIZZA HUT 必勝客,restaurant,25.0667966,121.5904788
7368631871,397,鶴大眾化日本料理,restaurant,25.0637290,121.4994764
7138715795,213,蔦燒日式居酒屋,restaurant,25.1332372,121.5031174
2357128238,602,龍丼亭日式丼飯拉麵,restaurant,25.0001003,121.5552043
4914590322,402,老車滷味,fast_food,25.0608841,121.5648844
4527651981,507,香城燒臘小館,restaurant,25.0273416,121.4291635
4384740027,360,龍恩焢肉飯,restaurant,25.0718351,121.4955506
7153752238,477,江蘇菜盒店,restaurant,25.0411412,121.5404000
4103107290,517,紐澳良小廚,restaurant,25.0283940,121.5697545
4837986565,478,八道喜,restaurant,25.0315396,121.5541505
2631023139,437,多倫多復合式餐坊,restaurant,25.0446839,121.5038303
2392237990,400,皇品牛肉麵、水餃,restaurant,25.0611839,121.5350048
6207204593,368,2018食堂,restaurant,25.0729131,121.6070673
3231691061,439,永和豆漿大王,restaurant,25.0455704,121.5334252
3496523654,510,彩虹咖啡,cafe,25.0227937,121.4668559
2818074333,762,南平鵝肉專賣店,restaurant,24.9367635,121.3757774
4524318960,557,寶島肉圓店,restaurant,25.0059844,121.5387957
4307554223,248,我家客家菜,restaurant,25.1185526,121.5123003
2473232949,515,台越美食,restaurant,25.0233436,121.5412094
4031297504,476,頂上鮑魚燕窩,restaurant,25.0390706,121.5330832
7004274053,214,天翔餐廳割烹料理,restaurant,25.1360347,121.5070845
6155600434,648,紅與黑串燒吧,restaurant,24.9803701,121.5409997
7394320788,514,手沖咖啡 x 彩色口袋堡,restaurant,25.0159456,121.5305885
3528427294,439,通化街滷肉飯,restaurant,25.0538486,121.5347215
3441073843,598,速吸茶飲,cafe,25.0009419,121.5007319
3328449228,597,天廚素食坊,restaurant,24.9960655,121.4876059
3184146325,433,京品廣東粥,restaurant,25.0456275,121.4519291
5564549040,406,五角麵飯 風味的咖哩,restaurant,25.0589159,121.6257137
7170215776,442,五分埔鄉味蚵嗲,restaurant,25.0466613,121.5808627
4341408694,437,夯仔口牛肉麵,restaurant,25.0527260,121.5148744
3463230925,598,李家小館,restaurant,24.9965193,121.4992488
7066951985,697,四爺,restaurant,24.9690098,121.5877120
7194706983,399,集食行樂,restaurant,25.0697310,121.5221305
7153752173,478,碼頭老火鍋,restaurant,25.0382913,121.5562879
5189799223,249,早餐優選,restaurant,25.1193104,121.5273489
3714789201,479,安安鍋貼水餃館,restaurant,25.0396119,121.5718290
5242159924,325,太平洋土魠魚羹王,restaurant,25.0923570,121.5256549
3924674244,437,洋朵義式廚坊,restaurant,25.0441555,121.5133169
3600807293,601,上營大屋滷味,restaurant,24.9928327,121.5405767
2726480263,552,新葡苑,restaurant,25.0137703,121.4672225
6357749113,514,龍華上海風味小吃,restaurant,25.0239021,121.5217146
7175344720,476,名辰牛肉麵,restaurant,25.0311199,121.5269131
2755478344,476,大佳滷肉飯,restaurant,25.0396813,121.5223469
5916559285,388,麵屋濃,restaurant,25.0590641,121.3700158
7153752252,439,大眾鍋燒麵,restaurant,25.0443707,121.5343210
4430210890,507,新莊四維素食,restaurant,25.0210479,121.4242489
2962454029,551,新勝文(福緣)素食,restaurant,25.0080943,121.4534423
4384257980,648,周胖子餃子館,restaurant,24.9830345,121.5422238
6924533500,476,Good Bo,cafe,25.0360432,121.5274112
3909253714,640,豆花,restaurant,24.9795468,121.4185626
3347627749,640,古早味荷花冰鎮,restaurant,24.9805070,121.4180966
2918827422,475,八方雲集,restaurant,25.0396067,121.5055485
3786348250,514,興隆臭豆腐,restaurant,25.0170401,121.5324510
2804565939,437,全真素食,restaurant,25.0452128,121.5072127
7194706780,603,龐家肉羹,restaurant,24.9935122,121.5739651
3462879392,598,熊好味義大利麵,restaurant,24.9971484,121.5007046
6028677693,593,徐老師素食坊,restaurant,24.9942710,121.4273550
6604982543,720,漢堡大師,restaurant,24.9560239,121.3406174
5110489805,475,鳳城燒臘,restaurant,25.0413554,121.5060802
7004220042,363,胖老爹炸雞,restaurant,25.0800401,121.5473485
4111818890,479,鼎泰豐,restaurant,25.0397126,121.5663494
2188405250,400,唐宮蒙古烤肉,restaurant,25.0602018,121.5335160
2308078426,330,台北永和豆漿大王,restaurant,25.0848265,121.5931921
3090171600,439,咖啡逗,cafe,25.0526185,121.5344122
2656074182,441,東引小吃,restaurant,25.0523741,121.5661141
2086050791,482,新鮮大堡堡,fast_food,25.0338780,121.6135270
4524863587,477,好棒棒平價快炒,restaurant,25.0358045,121.5439153
2194019718,439,卡賀廚房,restaurant,25.0529890,121.5474948
7138715819,216,幸福蔬食餐坊,restaurant,25.1363209,121.5463689
5116359121,440,巴士咖啡,cafe,25.0513889,121.5542618
2140024140,474,阿猜嫲甜湯鹹圓,restaurant,25.0397090,121.4985841
4307603562,325,有沒有咖啡,cafe,25.0950160,121.5252811
7211419036,480,鵝媽媽の店,restaurant,25.0378766,121.5838538
2971153824,433,Starbucks,cafe,25.0489414,121.4474717
3523523036,601,壽喜燒一丁,restaurant,24.9924488,121.5438024
3408985693,694,光明街鹽酥雞,restaurant,24.9626240,121.5397107
5802926793,388,Let's fun,restaurant,25.0588530,121.3684092
4946833721,403,古早傳說,restaurant,25.0674045,121.5798785
5764932044,514,莫名福州乾拌麵,restaurant,25.0290796,121.5218108
4809511027,437,民樂旗魚米粉湯,restaurant,25.0543445,121.5103385
4312433360,366,三商巧福,restaurant,25.0800752,121.5905211
4200642665,601,巧沛東方美,restaurant,24.9960832,121.5448385
3132488961,399,摩斯漢堡MosBurger,fast_food,25.0624800,121.5254593
4031296830,439,品盛悅素軒精緻創意蔬食,restaurant,25.0516772,121.5358687
3716561195,353,玉女小館,restaurant,25.0767407,121.3861682
4427836708,405,嚐嚐九九餐廳,restaurant,25.0696861,121.6156139
3673009072,548,便當,restaurant,25.0115043,121.4127033
7002886731,437,花蓮扁食,restaurant,25.0459838,121.5152922
6778593385,510,米粉嫂小吃,restaurant,25.0204071,121.4617399
4125226080,361,Underon 上下誌,cafe,25.0709826,121.5160399
6323106721,479,彩日本料理,restaurant,25.0351460,121.5628758
4034132391,144,故鄉,restaurant,25.1738325,121.5329571
5571196674,442,京園燒肉飯,restaurant,25.0437401,121.5810282
5589700022,477,秦家餅店,fast_food,25.0370857,121.5477609
4464814594,516,泰比咖啡,cafe,25.0221111,121.5504183
3057057092,439,元氣煲湯養身藥膳,restaurant,25.0555998,121.5335513
6191052471,601,學生餐廳,restaurant,24.9899252,121.5466634
6773908106,367,鴻疆石,restaurant,25.0788959,121.5995645
6728711385,553,八方雲集,restaurant,25.0126423,121.4750919
3730158026,601,創意鍋麵,restaurant,24.9930932,121.5417649
3652997355,287,Mia Cucina,restaurant,25.1047275,121.5230755
2722698587,552,王品牛排,restaurant,25.0139665,121.4609465
2643621287,353,永和豆漿,restaurant,25.0772196,121.3926377
7194693250,650,Schumann,restaurant,24.9878114,121.5759358
4421534179,397,85度C,cafe,25.0667237,121.4938166
3812406084,601,泰饌雲泰小館,restaurant,24.9956413,121.5464794
7211425780,443,大群牛肉麵,restaurant,25.0558214,121.6060237
7217203244,211,品味牛排餐酒館,restaurant,25.1363403,121.4611133
6253878186,438,銷魂麵舖,restaurant,25.0546481,121.5208929
4542389191,510,蓋子美式餐廳,restaurant,25.0176535,121.4608816
3821097945,734,同學會滷味,restaurant,24.9560695,121.5372147
3734714097,322,85度C 蘆洲民族店,cafe,25.0914624,121.4743473
2917574239,433,自助餐,restaurant,25.0523012,121.4580111
5707073558,642,兩支餐廳,restaurant,24.9864879,121.4513869
2310552095,437,麥當勞,fast_food,25.0448421,121.5052674
6845626285,226,友信海鮮餐廳,restaurant,25.1343883,121.8214287
2826029711,555,世界豆漿大王,restaurant,25.0154804,121.5161235
6579380117,514,Café de minuit,cafe,25.0239049,121.5240331
5374571406,516,大王麻辣乾麵 KingSpicy,restaurant,25.0292379,121.5606462
2526205012,649,翔太麵屋,restaurant,24.9875128,121.5511204
4834803831,557,牛髓知味紅燒牛肉麵,restaurant,25.0119179,121.5358070
6416175686,399,極壽司,restaurant,25.0649893,121.5267816
7194706813,366,海味100熱炒,restaurant,25.0789636,121.5875802
6176758332,694,三民雞腿達人,restaurant,24.9736279,121.5339942
7282086085,555,郭記麻辣臭豆腐,restaurant,25.0091405,121.5105300
3232486050,368,好鍋房,restaurant,25.0705665,121.6115711
4149564858,514,湛盧咖啡,cafe,25.0161159,121.5319044
7170215719,398,汕頭牛肉麵,restaurant,25.0651517,121.5110147
3707479472,437,麵屋武藏,restaurant,25.0460021,121.5169554
6134997452,478,Pizza Hut,restaurant,25.0415612,121.5574599
3722128695,515,瑞安雅廚,restaurant,25.0287100,121.5410957
4838087741,438,Don tei,restaurant,25.0520599,121.5221940
3497480273,555,上界青熱炒店,restaurant,25.0059635,121.5106046
3497497482,555,三媽臭臭鍋,restaurant,25.0075580,121.5092998
6323106735,437,非常南洋非常娘惹,restaurant,25.0493992,121.5172813
7211425540,374,喜來登早餐,restaurant,25.0820206,121.6962366
7211425708,480,好吃王雞肉,restaurant,25.0367594,121.5793471
5109350524,514,Slyders,restaurant,25.0192814,121.5331539
6621844785,433,雙月牌沙茶鍋,restaurant,25.0497257,121.4526225
2536508255,433,自助餐,restaurant,25.0523882,121.4577313
2614385428,597,布萊恩紅茶,cafe,24.9960908,121.4860364
2784759978,551,三寶大腸麵線,restaurant,25.0064024,121.4456124
7194706748,144,竹湖土雞城,restaurant,25.1769165,121.5324907
2643718609,353,摩斯漢堡,fast_food,25.0773556,121.3866467
7211425581,479,孫東寶,restaurant,25.0355929,121.5775022
6182991555,433,CoCo壱番屋,fast_food,25.0492155,121.4483208
3533381095,438,四芳傳統小吃,restaurant,25.0533812,121.5316388
4524328170,514,新田鰻味屋,restaurant,25.0181881,121.5311009
5181401721,287,小南老蘇,restaurant,25.1087010,121.5248963
6090446035,325,小籠包,restaurant,25.0882467,121.5240311
2462837646,601,宰鍋精緻小火鍋,restaurant,24.9929309,121.5444988
5420160021,437,雞渴鹹酥雞,fast_food,25.0520735,121.5122891
6695580311,472,Yuly brunch&coffee,cafe,25.0309179,121.4723231
2977303907,555,下港米糕排骨酥,restaurant,25.0076324,121.5126077
5699174877,515,七里亭瑞安店,restaurant,25.0293716,121.5421209
4426151024,507,糖尼早餐吧,restaurant,25.0233299,121.4265434
3747116989,215,陽光瓦舍溫泉餐廳,restaurant,25.1350928,121.5316815
6749527356,510,Yuan Cafe & Kitchen,cafe,25.0203282,121.4668548
7138715766,213,嚐粉,restaurant,25.1368691,121.5029282
7370591460,245,金李朴韓國小館,restaurant,25.1213954,121.4671960
4838086691,398,蘭州街湯包,restaurant,25.0649594,121.5155485
3835345482,650,玉口香扁食,restaurant,24.9840123,121.5687280
4360380442,515,我家吃麵,restaurant,25.0240800,121.5428095
6191499571,475,逸香麵線,restaurant,25.0307153,121.5174303
2563901892,648,西堤牛排,restaurant,24.9833393,121.5371040
7153752248,439,DOMANI,restaurant,25.0440803,121.5378588
4838086695,398,禾口日本料理,restaurant,25.0659703,121.5176492
4524329093,515,本味日本料理,restaurant,25.0196292,121.5335528
4334072410,648,關山便當,restaurant,24.9774069,121.5385197
4298940679,478,玉喜飯店,restaurant,25.0416082,121.5547390
3328450051,598,錢都涮涮鍋,restaurant,24.9965165,121.4901948
4384259216,557,阿剛雲泰創作料理,restaurant,25.0136840,121.5340053
4820442545,433,許記胡椒餅,restaurant,25.0436463,121.4526707
5818152363,474,萬華林建發仙草冰燒仙草,restaurant,25.0329964,121.5017328
4524863828,363,沈記滷味,restaurant,25.0803168,121.5475999
6024333539,249,鴉片粉圓,restaurant,25.1124955,121.5287028
4524863798,437,金獅樓,restaurant,25.0454612,121.5063519
6654755468,476,嘉嘉漢堡,restaurant,25.0414485,121.5270790
7194707008,603,龎舍炸物,restaurant,24.9912629,121.5738089
3324962961,514,片場咖啡,cafe,25.0196696,121.5332125
3716561191,353,東山鴨頭,restaurant,25.0774546,121.3927279
5492505435,139,大學城素食,restaurant,25.1775653,121.4489375
2595303832,514,大灶益養生豬腳,restaurant,25.0219273,121.5275396
2473232853,515,大李水餃,restaurant,25.0220761,121.5413100
3854146582,405,香港威記小館,restaurant,25.0693829,121.6187475
6456807688,249,阿卿熟食,fast_food,25.1120370,121.5294892
4201450090,401,Milkglider Latteartist Unity,cafe,25.0594632,121.5487153
7211425633,373,河南鍋貼,restaurant,25.0815864,121.6953404
3780487164,648,上川館,restaurant,24.9820369,121.5382673
3665497326,476,龍城燒臘,restaurant,25.0308687,121.5296003
4325693915,606,東海角鮮魚丸,restaurant,25.0015823,121.6148277
4563720689,437,蔡家嘉義火雛肉飯,restaurant,25.0564317,121.5153137
2420107108,477,Hello Kitty Sweets Restaurant,restaurant,25.0407086,121.5459351
4928425245,439,溫情主義,restaurant,25.0511402,121.5338524
3670374319,478,江太壽司,restaurant,25.0426881,121.5548476
3341995454,640,義思廚,restaurant,24.9822255,121.4215136
2563901889,648,大禾拉麵,restaurant,24.9827842,121.5368883
2706536567,301,幸福鍋,restaurant,25.1079459,121.8072755
3424895623,598,麥香早餐,fast_food,25.0020986,121.4984659
7194706803,603,巴東蜀味,restaurant,24.9896809,121.5736404
4836956910,388,阿丸,restaurant,25.0586626,121.3682935
5556141252,476,吉恩日輕食,restaurant,25.0372579,121.5250030
3860037226,601,佳香點心大王,restaurant,24.9950217,121.5415074
2832950208,514,蒙娜家廚,restaurant,25.0199492,121.5318566
2899366913,444,濎駿硿肉飯,restaurant,25.0540163,121.6168124
3747117018,167,花田花草集,restaurant,25.1582201,121.5361358
5110245031,475,萬年排骨大王,restaurant,25.0316033,121.5168364
6417164254,556,Enjoying Coffee,cafe,25.0092325,121.5209164
4316576691,438,cama,cafe,25.0496019,121.5229547
7175344665,513,青園食堂,restaurant,25.0261578,121.5068092
4524863988,478,八方雲集,restaurant,25.0414045,121.5506865
3446246875,438,Mayur Indian Kitchen 3,restaurant,25.0462563,121.5314789
7365964007,397,阿婆甜不辣,restaurant,25.0666729,121.4984038
7004248043,364,印度皇宮,restaurant,25.0831637,121.5570050
4339392966,397,魚多多自助餐,restaurant,25.0671046,121.4936910
2163618634,439,石壁家,restaurant,25.0522835,121.5403395
6024253683,474,呷尚寶,restaurant,25.0331679,121.5023135
3752248525,325,Ikari Coffee,cafe,25.0951989,121.5260975
2594908360,365,小高玉迴轉壽司,restaurant,25.0723382,121.5759726
2297914135,366,南京七里香,restaurant,25.0801638,121.5920495
6433916920,556,素食,fast_food,25.0083631,121.5231140
4969864582,507,斗六當歸鴨,restaurant,25.0221213,121.4227104
7175344764,479,南方漁場,restaurant,25.0416352,121.5718068
1837959044,365,The Chips,restaurant,25.0811972,121.5731670
7211425655,403,味亦美win,restaurant,25.0688458,121.5860079
2887583319,401,85度C,cafe,25.0573239,121.5555468
3278448286,639,嘉圓小吃店,restaurant,24.9823854,121.4152853
5707055586,552,三兄弟牛肉麵,restaurant,25.0025473,121.4640284
6720844025,399,某咖啡,cafe,25.0692115,121.5185868
3694092405,514,路燈咖啡公館店,cafe,25.0160838,121.5315468
5938836789,514,Domino's Pizza,fast_food,25.0203645,121.5306059
2481944776,439,Fika Fika Cafe,cafe,25.0504401,121.5352566
4432818423,555,原住民料理,restaurant,25.0064734,121.5063147
4834803829,557,泰風味小吃店,restaurant,25.0132831,121.5352677
2927069385,138,麥當勞,fast_food,25.1765571,121.4424400
3955465476,440,吉思咖啡,cafe,25.0522555,121.5569694
4316596055,437,らあめん花月嵐,restaurant,25.0445725,121.5080038
7194706905,325,寬巷子,restaurant,25.0931871,121.5271046
6763230486,478,梅菊日本料理,restaurant,25.0397657,121.5527451
5715664717,477,鰻將劍持屋,restaurant,25.0410743,121.5429188
6050504142,325,Huge burger,restaurant,25.0888617,121.5261519
4384257950,514,Bambi Bambi Brunch,restaurant,25.0246005,121.5269960
6305011007,362,日式拉麵,restaurant,25.0810001,121.5208321
5182136403,325,豚將日本拉麵,restaurant,25.0946165,121.5221099
4258236469,553,錢佳小館,restaurant,25.0060271,121.4757202
4269582585,439,迷客夏,cafe,25.0485560,121.5419834
3205652190,352,麥啤,restaurant,25.0743218,121.3824937
3929888402,601,滷味,restaurant,24.9951233,121.5454904
6697694498,351,基隆海鮮屋,restaurant,25.0733647,121.3605610
4542507719,516,MrJ 義法廚房北醫店,restaurant,25.0257855,121.5621746
3596859028,437,巴菲厚切牛排,restaurant,25.0449662,121.5052971
3881926859,441,丹堤咖啡,cafe,25.0480133,121.5661685
4033134261,734,麥迪兒早餐店,restaurant,24.9561329,121.5340911
4555227930,439,Swing Black Coffee,cafe,25.0478930,121.5457482
4782165953,361,三賀小籠包,restaurant,25.0834933,121.5101955
4242503844,599,蘭迪意大利麵,restaurant,24.9888127,121.5098553
3704491037,287,夏威夷咖啡館,restaurant,25.1042929,121.5212042
5483729837,477,Subway,fast_food,25.0328100,121.5447180
4200642668,602,哈囉早午餐吧,restaurant,24.9987809,121.5487898
1686854776,444,McDonald's,fast_food,25.0522788,121.6163288
3846400906,439,拉亞漢堡,restaurant,25.0526404,121.5352258
7211425538,403,喬喬紅燒麵,restaurant,25.0636958,121.5803365
5110245038,476,瑪町尼茲咖啡,cafe,25.0309854,121.5300902
4231372845,440,吉野家,restaurant,25.0512327,121.5611728
6654640256,601,越南美食早午餐,restaurant,24.9987069,121.5458424
1946350910,363,Coco,cafe,25.0830067,121.5464285
2572568012,557,小馬辣,restaurant,25.0119693,121.5357688
3909277263,640,太順自助餐,restaurant,24.9792118,121.4176342
5344584424,551,炒之莊快炒,restaurant,25.0035207,121.4573272
6403449999,398,八方雲集,fast_food,25.0583779,121.5110173
4419893326,479,Yup Cafe & Bistro,restaurant,25.0388711,121.5740411
3328450047,598,連城小館,restaurant,24.9963439,121.4918866
3704049686,478,口福水煎包,restaurant,25.0332935,121.5572068
7175344783,366,無名小吃,restaurant,25.0771135,121.5839427
4018209517,439,美石蒂花咖啡,cafe,25.0527241,121.5389396
3543103933,509,八方雲集,restaurant,25.0177311,121.4562327
7368631837,397,巨林美而美,restaurant,25.0637787,121.4994535
4538270110,601,30年老店意麵,restaurant,24.9894333,121.5414209
5530635922,479,Pizza Hood,restaurant,25.0422908,121.5633560
2172964060,401,Subway,fast_food,25.0637074,121.5520314
3216940004,595,海霸王,restaurant,24.9912833,121.4482770
7175344769,442,廟口猪血糕,restaurant,25.0509763,121.5776248
6682287313,437,Kapelab,cafe,25.0529932,121.5139800
2355618184,694,阿助牛肉麵,restaurant,24.9660282,121.5405970
6165782097,477,山玖鍋貼水餃,restaurant,25.0328332,121.5450517
5160603238,434,Starbucks 星巴克,cafe,25.0535147,121.4602943
6385692664,366,摩斯漢堡,fast_food,25.0783641,121.5840229
4443758495,694,漢堡王,fast_food,24.9740050,121.5427437
7004195213,476,祥園小吃店,restaurant,25.0313454,121.5187427
5551907222,477,米盒子,restaurant,25.0336567,121.5392458
7211425823,403,Barbee卡啦炸雞專賣店,restaurant,25.0674679,121.5865140
3373141093,437,小牛將,restaurant,25.0448787,121.5066154
6084259163,287,隨意小吃,restaurant,25.1071614,121.5231821
4269583491,439,龍波斯特,restaurant,25.0527663,121.5401555
5639731994,297,福園港市燒臘,restaurant,25.0986854,121.7541054
2643621282,353,派克雞排,restaurant,25.0776210,121.3928613
4353390195,325,Sandwich party,restaurant,25.0910929,121.5255883
4483300690,325,滿佳香漢堡店,restaurant,25.0900695,121.5256334
3158795565,599,喜鍋屋,restaurant,24.9997007,121.5058898
2563901904,648,正群川味牛肉麵,restaurant,24.9826894,121.5354101
3465503373,598,一品香漢堡,fast_food,24.9959800,121.5032508
4837986432,516,草泥Cafe,cafe,25.0238031,121.5499788
7365964053,397,土庫鴨肉富,restaurant,25.0653514,121.4989788
7004248028,364,溫野菜日式涮涮鍋,restaurant,25.0833934,121.5580264
5649481772,388,喜樂蔬食,restaurant,25.0585945,121.3697312
2726475749,552,非常泰,restaurant,25.0142533,121.4671621
2307156600,366,香月美食,restaurant,25.0818012,121.5912639
3833892158,440,Balle Balle – Indian Restaurant & Bar,restaurant,25.0488287,121.5576918
4846801492,596,永和豆漿大王,restaurant,24.9979520,121.4635831
3835345477,650,胖大蛋包飯,restaurant,24.9837636,121.5679967
3811140814,557,Gugu Kitchen,restaurant,25.0128867,121.5366884
7282088087,437,御珍軒港式飲茶,restaurant,25.0519763,121.5137914
4424407836,360,馨藝排骨自助餐,restaurant,25.0715178,121.4932976
2962648504,648,cama,cafe,24.9830511,121.5410461
6188959126,408,涼麵,restaurant,25.0670509,121.6624765
2174595773,439,Coffee+咖啡家,cafe,25.0524406,121.5399135
6053939185,482,扒飯眷村菜,restaurant,25.0410954,121.6127633
6354698757,477,洪二爺漢堡,restaurant,25.0427814,121.5454012
4044252558,139,藍田早餐,restaurant,25.1768944,121.4515518
7184923039,437,翠庭,restaurant,25.0462153,121.5183666
2269707424,697,清泉茶園,restaurant,24.9670727,121.5906752
4340703271,360,拿坡里披薩炸雞,restaurant,25.0707358,121.4949009
7175334729,442,烤師傅燒烤便當專門店,restaurant,25.0463345,121.5775789
2340183167,515,抓餅,fast_food,25.0180398,121.5403410
6176758342,694,豆豆香火鍋,restaurant,24.9746107,121.5374721
4325693893,517,戀人咖啡,cafe,25.0284845,121.5636169
3046927711,438,摩斯漢堡,fast_food,25.0546800,121.5327596
7037321794,437,南陽牛肉麵,restaurant,25.0442438,121.5160246
3704049688,478,王品,restaurant,25.0324141,121.5572687
2913715301,139,大吉祥香豆腐(已搬遷),restaurant,25.1774490,121.4492677
3044969135,211,龍賀屋日本料理,restaurant,25.1372924,121.4602996
2526182358,649,五花馬人文特味坊,restaurant,24.9874124,121.5505567
5095512256,475,中華餡餅粥,restaurant,25.0389245,121.5041486
6053605405,478,開燈咖啡,cafe,25.0363983,121.5588779
2473232956,515,長興小舖,restaurant,25.0218705,121.5431894
3670390137,478,鈺芳精緻便當,restaurant,25.0420140,121.5555009
7213811086,479,初魚料亭,restaurant,25.0371253,121.5667181
3144956273,439,丸e玩,restaurant,25.0539342,121.5336632
6405956485,440,吐司利亞,cafe,25.0433084,121.5495211
2643762804,352,小吃滷肉飯,restaurant,25.0801592,121.3847124
3343597132,472,丹堤咖啡,cafe,25.0296874,121.4729108
3662454955,399,東方美,restaurant,25.0666160,121.5285905
4200643105,602,溫州大餛飩,restaurant,24.9995710,121.5556975
4301004794,439,逗漢堡,restaurant,25.0439201,121.5466404
2913715001,139,高岩日式屋,restaurant,25.1772403,121.4487324
5220513006,478,Loiusa Cafe,cafe,25.0304898,121.5502619
2473232903,515,小李子牛肉麵,restaurant,25.0225817,121.5429246
3835833937,557,薩莉亞,restaurant,25.0141826,121.5345588
4205229648,439,古都叉包油飯,restaurant,25.0560218,121.5407110
3928531314,475,煮飯研究所,restaurant,25.0316596,121.5055059
3444713890,552,紅蔥頭麵食館,restaurant,25.0080362,121.4621127
2125822953,399,快樂早餐店,restaurant,25.0570073,121.5245610
7211425648,443,咔拉堡,restaurant,25.0498296,121.5939278
5585775149,480,我家牛排,restaurant,25.0418351,121.5792680
5739420388,556,彭記牛肉麵,restaurant,25.0126450,121.5192765
6176758334,694,南川麵館,restaurant,24.9750577,121.5366959
4801321722,365,廣山居,restaurant,25.0788578,121.5711131
4108947186,514,Come True Coffee,cafe,25.0167150,121.5327131
3924745258,475,源士林粥品 和平分號,restaurant,25.0341073,121.5073229
6527884295,642,八方雲集,restaurant,24.9866662,121.4541313
5457845321,557,上兵傳統包子饅頭,restaurant,25.0036309,121.5378719
6580997585,443,嘖咖啡,cafe,25.0542200,121.5963790
2965369333,114,士林豪大大雞排,fast_food,25.1821631,121.4109212
3707479476,437,了凡香港油雞飯麵,restaurant,25.0460604,121.5168619
7175334738,513,阿信大餛飩,restaurant,25.0257503,121.5071754
3708879436,476,鑫華茶餐廳,restaurant,25.0300001,121.5273373
2643718516,353,栈和客棧,restaurant,25.0782590,121.3877346
5605251021,439,咖啡知道,cafe,25.0517505,121.5358781
5041566070,648,不貽樣湯包,restaurant,24.9794134,121.5424320
5083370821,440,Jesse Coffee,cafe,25.0524916,121.5568315
3036524951,650,八方雲集,restaurant,24.9886168,121.5660945
4384257983,648,大呼過癮,restaurant,24.9834010,121.5434393
5141132812,369,傻師傅湯包,restaurant,25.0708937,121.6306862
3507072386,598,瑞麟美而美,fast_food,24.9968650,121.4971047
3730373727,287,福華飯包,restaurant,25.1043499,121.5219336
3656220548,476,輝哥石頭火鍋,restaurant,25.0312769,121.5288506
1837957011,365,庶民經濟便當,restaurant,25.0817317,121.5708687
3682801694,510,霸子牛排西餐,restaurant,25.0208439,121.4665081
3044953333,185,大台北羊肉焿竹圍店,restaurant,25.1383818,121.4630367
5504533373,601,花花姐姐親子故事體驗Café,cafe,25.0006993,121.5369731
4524863859,439,潮江燕潮州餐廳,restaurant,25.0524884,121.5442890
5141154644,369,黃家涼麵,restaurant,25.0706663,121.6294986
7054687335,438,咖哩匠,restaurant,25.0561926,121.5224428
3104133997,439,巧亦有媽媽的味道,restaurant,25.0528337,121.5337859
7194706866,696,慈音山莊,restaurant,24.9662536,121.5662634
3939158510,480,鮮豆漿,restaurant,25.0372949,121.5783585
3424475250,598,烤堂,restaurant,24.9988959,121.4959579
4128012541,444,念戀日式小館,restaurant,25.0556117,121.6109954
7194706847,482,江東小館,restaurant,25.0400927,121.6206677
4018210430,439,傑伯咖啡,cafe,25.0534462,121.5389594
7138715828,288,蒜翻天鹽酥雞,restaurant,25.1098324,121.5353474
7138715823,190,董記牛肉捲,restaurant,25.1379137,121.5468723
6180428014,408,麵店,restaurant,25.0662279,121.6548265
5433643021,549,路易莎咖啡 Louisa Coffee,cafe,25.0033328,121.4153811
2355618178,694,北新自助餐,restaurant,24.9658546,121.5405161
6190476411,514,洋芋屋,restaurant,25.0233580,121.5311967
3031668333,138,鮮流坊,restaurant,25.1693756,121.4439012
7211419030,404,闞記涼麵,restaurant,25.0565385,121.6055867
1411751318,596,廣香龍華樓,restaurant,25.0002152,121.4634458
7211425791,404,上和小館紅面薑母鴨,restaurant,25.0570569,121.6007815
2928874425,139,老娘川菜,restaurant,25.1737138,121.4519401
2912267802,139,佳郁涼麵,restaurant,25.1700571,121.4461355
2174595778,439,菜鳥咖啡,cafe,25.0522870,121.5398920
6775539322,515,Louisa Cafe,cafe,25.0256734,121.5446578
7211419040,443,藥燉排骨,restaurant,25.0561172,121.6051159
5116376207,596,甕大王甕仔雞,restaurant,24.9902051,121.4731063
2300974237,367,一香現滷味,restaurant,25.0801297,121.5923798
7211425521,480,賀加食堂,restaurant,25.0375220,121.5794374
5556070113,439,台南意麵 黑白切,restaurant,25.0492829,121.5422331
7365964033,397,鐵板城平價鐵板燒便當,restaurant,25.0665142,121.4985939
5274513726,476,天津葱抓餅,fast_food,25.0327020,121.5297395
2618173188,353,晴光肉羹麵,restaurant,25.0771902,121.3927515
4820442588,432,宥棧越式料理,restaurant,25.0490635,121.4425247
7130802001,401,金記涼麵,restaurant,25.0571485,121.5528103
4552341410,475,阿忠碳烤,restaurant,25.0412138,121.5044104
7175344759,405,鬼匠拉麵,restaurant,25.0690113,121.6167197
4301001267,439,瓦崎燒烤,restaurant,25.0434523,121.5465534
3541454283,761,速鮮堡,restaurant,24.9377722,121.3625916
2989500488,477,Subway(裝潢中),fast_food,25.0422879,121.5435238
4259710290,116,八方雲集,restaurant,25.1831612,121.4446765
6027040986,439,三個傻瓜,restaurant,25.0545250,121.5407139
6180492022,599,老蔡水煎包,restaurant,24.9892795,121.5099718
4524863832,438,洋朵義式廚房,restaurant,25.0522988,121.5302277
7213007958,515,紫牛平價牛排,restaurant,25.0219115,121.5429215
2645583703,475,荷豐水月,cafe,25.0316449,121.5111802
3938941050,514,石記牛肉麵,restaurant,25.0160117,121.5315938
2572568022,475,丹堤咖啡,cafe,25.0419441,121.5096052
7170215766,442,徐大娘私房菜,restaurant,25.0506039,121.5816040
7169581015,440,八德寧安,restaurant,25.0487125,121.5553142
6054976958,325,上等十全排骨,restaurant,25.0885791,121.5236409
2307156595,367,河內越南小吃,restaurant,25.0834179,121.5929993
5141078344,437,八方雲集,restaurant,25.0538882,121.5129682
3835835218,325,牛小妹牛肉麵,restaurant,25.0849393,121.5194600
2160868023,405,夯麵坊,restaurant,25.0691523,121.6136385
7175344561,245,關渡 宇弘越南美食,restaurant,25.1236258,121.4663628
2913975302,139,小周牛肉麵水餃,restaurant,25.1702495,121.4470326
5767009118,161,寶媽美食館,restaurant,25.1546901,121.4595316
2462876038,601,石水產火鍋,restaurant,24.9928331,121.5437537
2913969605,139,正宗牛肉麵水餃,restaurant,25.1704657,121.4461107
3298035188,479,Starbucks,cafe,25.0380187,121.5690055
2300663772,366,小吃店,fast_food,25.0802233,121.5922095
3688113961,762,傳統口味小吃,restaurant,24.9439103,121.3739315
4149564844,556,麻辣巴蕾,restaurant,25.0147833,121.5328177
7213007962,515,五九麵館,restaurant,25.0224657,121.5429282
7191634534,322,名將三寶飯 - 信義店,restaurant,25.0866698,121.4783649
4138731287,483,劉家牛肉麵,restaurant,25.0389363,121.6219856
4326936939,360,石二鍋,restaurant,25.0713322,121.4946950
7169581034,440,廣誠素食,restaurant,25.0480405,121.5544825
4344543604,438,長春飯館,restaurant,25.0551467,121.5211435
4347522052,507,雲林鵝肉大王,restaurant,25.0193392,121.4216678
5110489806,475,大程餃子麵館,restaurant,25.0411895,121.5061095
6323106742,437,Ootoya,restaurant,25.0491359,121.5179206
3196909468,440,拿坡里比薩炸雞,restaurant,25.0480334,121.5538809
7056032338,515,樂町屋,restaurant,25.0238802,121.5435719
6734905604,304,山海觀,restaurant,25.1081701,121.8433312
2713719853,694,四海遊龍,restaurant,24.9721203,121.5407393
6499715222,478,駱記小炒,restaurant,25.0302976,121.5554246
4515327791,561,Louisa Coffee - 深坑東南店,cafe,25.0037743,121.6013468
2643644710,353,勝興烘爐餅,restaurant,25.0775237,121.3953231
4820548022,476,打咔生猛活海鮮,restaurant,25.0321324,121.5190173
4669732797,516,老木咖啡,cafe,25.0255088,121.5516457
2278521194,514,燈籠滷味,restaurant,25.0245993,121.5286816
7394554099,405,阿杜串燒便當專賣,restaurant,25.0690598,121.6153000
7169581029,440,吉米棧,restaurant,25.0470367,121.5542619
5822602153,479,HWC Roasters,cafe,25.0348830,121.5673897
3416263832,598,滷肉腳,restaurant,24.9980238,121.4999353
3009819436,139,黃師傅餐坊,restaurant,25.1745944,121.4466917
7169581031,440,小杭州番茄排骨麵,restaurant,25.0476735,121.5552180
3939158036,399,星巴克,cafe,25.0630473,121.5229579
5556123406,475,戲台咖啡,cafe,25.0354296,121.5178299
1413143457,511,麥當勞,fast_food,25.0177948,121.4775773
461524963,515,Hello Cafe,cafe,25.0186361,121.5373365
2180238473,514,比薩幫,restaurant,25.0168608,121.5329303
4820442541,433,茶湯會,restaurant,25.0449520,121.4527491
5666895653,399,學餐:義大利麵店,restaurant,25.0659715,121.5217846
2826028185,329,田豐素食,restaurant,25.0867844,121.5885075
7175344709,512,特製飯糰,restaurant,25.0201178,121.4979532
5753260221,475,台灣洪師父牛肉麵,restaurant,25.0429412,121.5048760
5551899824,477,小辣椒 魷魚羹 美濃粄條,restaurant,25.0330637,121.5381952
3727152549,440,黃記麻辣魺仔麵線,restaurant,25.0486799,121.5541599
3812406061,601,如叔叔早餐店,restaurant,24.9950806,121.5452586
4832102524,399,露易沙咖啡,cafe,25.0635405,121.5199411
5556141256,476,77巷日式燒肉屋,restaurant,25.0391601,121.5257863
4628572090,249,The HUB,cafe,25.1115483,121.5212275
3835345484,650,雜糧店,restaurant,24.9836991,121.5663537
2621123840,648,麥當勞,fast_food,24.9829712,121.5338968
7004220059,363,晚點·喝,restaurant,25.0831083,121.5403675
6212372885,442,涮嘴百元火鍋,restaurant,25.0497690,121.5919907
3101809596,648,飄香麵館,restaurant,24.9826406,121.5418884
3440708522,554,錢都日式涮涮鍋,restaurant,25.0045734,121.4964954
4307603568,325,溫州大餛飩,restaurant,25.0959690,121.5242403
5110348729,440,富元小館,restaurant,25.0476380,121.5591089
5761725153,396,自助餐,restaurant,25.0700111,121.4760647
7175344526,442,林家意麵,restaurant,25.0458035,121.5779745
4018208843,437,三多屋爸爸嘴,restaurant,25.0503968,121.5152643
5504491306,601,德芳美早餐吧,restaurant,25.0021570,121.5384306
7017482889,475,東京堡,restaurant,25.0403514,121.5044291
4070047992,601,阿裕米粉烤肉,restaurant,24.9907805,121.5413932
3505143794,438,Ikari Coffee,cafe,25.0461275,121.5185728
3437517205,598,原燒,restaurant,25.0017132,121.4968771
7194706981,650,小曼谷滇泰料理,restaurant,24.9882735,121.5735506
2297956775,367,三媽臭臭鍋,restaurant,25.0798124,121.5927774
3465414832,598,尚合咖啡,cafe,25.0006390,121.4971548
3794607141,601,阿二麻辣食堂,restaurant,24.9914768,121.5413997
3881540628,437,德國烤肉鍋飯,restaurant,25.0451398,121.5160440
5637382085,388,復興飯包,restaurant,25.0592017,121.3687342
2616881413,442,北平為福樓,restaurant,25.0449577,121.5827128
2338822738,399,廣田麵館,restaurant,25.0603906,121.5313195
4435283979,437,Tutto Fresco,restaurant,25.0452661,121.5143575
2526182357,649,歐風夢活廚房,restaurant,24.9874094,121.5505288
3464721418,598,香港新康記燒臘快餐便當,restaurant,24.9955191,121.5020670
6522577784,602,pizza hot,fast_food,24.9890616,121.5624393
2292591824,692,佳香豆漿,restaurant,24.9750589,121.5169859
5845347535,515,豆漿燒餅油條,fast_food,25.0258063,121.5450724
4085142321,595,龍興鴨肉飯,restaurant,24.9961926,121.4514057
3846207450,650,食餓知餓甜不辣,restaurant,24.9831167,121.5667341
6422218520,437,幻猻家咖啡,cafe,25.0541698,121.5097702
3761232569,593,地球村港式燒臘,restaurant,24.9892121,121.4216685
6010698985,322,陳告生工坊,restaurant,25.0876921,121.4775758
2460008901,734,古早味魯肉飯,restaurant,24.9548157,121.5369871
4103132395,510,老古板石頭火鍋,restaurant,25.0230774,121.4686000
6969436655,694,安娜廚房義大利麵,restaurant,24.9678909,121.5406859
3704355297,516,G奶木瓜牛奶,cafe,25.0242558,121.5534402
4713547029,437,北海道旭川拉麵,restaurant,25.0494543,121.5175510
3232596390,368,Basement頂級鴛鴦養生鍋,restaurant,25.0712422,121.6099813
4260575689,640,順口古早味黑白切,restaurant,24.9806750,121.4206360
7194706855,190,石頭屋,restaurant,25.1380648,121.5449690
3722747322,515,麗如小吃,restaurant,25.0286664,121.5415786
2160602730,477,Subway,fast_food,25.0336693,121.5391509
3794141096,398,三重知高飯,restaurant,25.0645834,121.5112452
4665253890,515,春花微笑,restaurant,25.0195100,121.5336541
7211425699,442,曲家水煎包(原路口水煎包),restaurant,25.0447426,121.5843536
7211419060,480,醇食堂,restaurant,25.0401939,121.5863852
3909253544,640,串烤十元,restaurant,24.9790114,121.4187130
7089441299,515,尚家香雲南麵食館,restaurant,25.0200242,121.5335432
4149614895,762,美而美,restaurant,24.9448715,121.3759263
2910438208,721,阿婆壽司,restaurant,24.9544290,121.3522200
3729190716,138,現烤魷魚,fast_food,25.1685938,121.4436843
3835833943,325,阿安小吃店,restaurant,25.0844610,121.5194900
4524864080,352,私房小屋,restaurant,25.0811914,121.3827660
2912266401,139,香媽媽臭豆腐,restaurant,25.1689886,121.4468454
2460626586,439,阿布生活咖啡館,cafe,25.0532254,121.5434057
5558607622,139,樵居坊,restaurant,25.1770030,121.4509770
3837332695,640,漢堡大師輕食早餐,restaurant,24.9812186,121.4242727
3341995468,640,瑞麟美而美,restaurant,24.9827797,121.4226087
3328449225,598,吉野家,restaurant,25.0020293,121.4996325
3761256606,593,弘爺漢堡,restaurant,24.9891295,121.4213198
3854086752,321,欣欣豆漿,restaurant,25.0881919,121.4665973
2947927719,399,四海豆漿,restaurant,25.0676667,121.5254818
7194706884,603,敘緣小館,restaurant,24.9899228,121.5738004
4253208197,514,Laya Burger,fast_food,25.0165249,121.5303904
7138715771,187,萬佳鄉,restaurant,25.1379848,121.5009365
6805098953,443,火鍋世家,restaurant,25.0550100,121.6065176
4447209815,211,囍麻辣,restaurant,25.1357561,121.4610279
5110242803,476,九品溫州大餛飩,restaurant,25.0299841,121.5294864
7194706739,368,Dear & Deer 鹿聞小館,restaurant,25.0757926,121.6076947
2970191963,439,大氣,restaurant,25.0553220,121.5420086
469812997,475,Starbucks,cafe,25.0424000,121.5130319
7194706862,145,湖田橋餐廳,restaurant,25.1702997,121.5386210
4787423643,368,餐廳,restaurant,25.0761973,121.6095750
5585946807,480,弘爺漢堡,restaurant,25.0428195,121.5785057
7194707009,144,竹子湖休閒中心,restaurant,25.1773306,121.5317242
2941385101,138,安卡咖啡,cafe,25.1716694,121.4385116
1412407356,552,華西街生炒花枝,restaurant,25.0052134,121.4622685
3695581479,694,開喜海鮮餐廳,restaurant,24.9678577,121.5418398
5242159923,325,海鮮粥,restaurant,25.0923334,121.5255695
7217000496,398,小葉海鮮,restaurant,25.0597627,121.5121043
2084620471,400,松江自助火鍋城,restaurant,25.0619012,121.5334345
3909253547,640,黑白切,restaurant,24.9787873,121.4188452
5118805112,220,漢妮咖啡,cafe,25.1366567,121.6030116
2913763801,139,八方雲集 (淡水學府店),restaurant,25.1719694,121.4500708
4298943003,478,鮮味屋日式涮涮鍋,restaurant,25.0423011,121.5541949
4820442012,471,綠歐蕾,restaurant,25.0413764,121.4459876
2300663773,367,評價熱炒,restaurant,25.0801523,121.5923429
4397232205,399,民生雙連食堂,restaurant,25.0576747,121.5218958
5201459725,648,釋迦田川味牛肉麵,restaurant,24.9869264,121.5476935
2850323684,437,豪季水餃專賣店,restaurant,25.0456396,121.5051685
7342353316,506,懷舊池上飯包,fast_food,25.0174039,121.4094608
4625476090,436,Meatup,cafe,25.0454431,121.5035126
4375119415,475,臺灣鐵路便當,restaurant,25.0319682,121.5165302
5725186121,365,醉燈燒肉,restaurant,25.0823487,121.5712007
4928425260,439,客美多咖啡,restaurant,25.0517572,121.5356918
7194693238,603,蔬福創意蔬食料理【純素、奶素】,restaurant,24.9905283,121.5737739
7175344738,513,阿華涼麵,restaurant,25.0256906,121.5072337
4937891808,437,吉豚屋,fast_food,25.0459603,121.5171136
3292774934,510,梁記港式小火鍋 板橋文化旗艦店,restaurant,25.0194326,121.4661869
5319676152,479,法樂琪餐廳,restaurant,25.0323562,121.5691803
6437532100,552,Louisa Cafe,cafe,25.0108181,121.4638674
6514349852,433,夏威夷早餐店,restaurant,25.0479792,121.4503866
5875366051,475,樂砌,cafe,25.0418471,121.5058990
4050767738,441,竹間精緻火鍋,restaurant,25.0545533,121.5636711
7175344643,515,欽豪燒腊盒餐,restaurant,25.0284510,121.5452173
4043625903,601,五高滷味,restaurant,24.9897331,121.5412818
4731639803,30,留夏,restaurant,25.2548812,121.4741975
7175344564,513,蘭花亭涼麵,restaurant,25.0246528,121.5176029
7175344751,441,壹號拌-韓式拌飯外送,restaurant,25.0453426,121.5760140
3415880879,598,故鄉麵館,restaurant,24.9976768,121.4982880
4058075219,479,家家牛排,restaurant,25.0412003,121.5689330
4243027401,321,歐圖早午餐廚房,cafe,25.0885580,121.4617155
3157780063,601,池上木片便當,restaurant,24.9907021,121.5397032
2822123543,366,老闆排骨名店,restaurant,25.0813430,121.5906122
3670390139,478,鏡江韓式無煙烤肉,restaurant,25.0428727,121.5555943
7194693279,364,固德威餐桌,restaurant,25.0801504,121.5595243
3439380029,554,万計撈麵,restaurant,25.0026304,121.4965658
7194693255,650,shabu鮮涮涮鍋,restaurant,24.9882806,121.5761386
6876041273,602,141飯包,restaurant,25.0002213,121.5482008
4405667570,437,欣葉日本料理,restaurant,25.0456125,121.5148415
6323106715,478,溫州鮮餛飩,restaurant,25.0348265,121.5603582
6694180171,472,爭鮮壽司,restaurant,25.0299156,121.4725665
4328118425,648,彭園會館,restaurant,24.9854306,121.5402045
3512628797,598,巨森早餐吧,fast_food,24.9943275,121.4962780
5173476076,362,翠鳳廳,restaurant,25.0800019,121.5254832
4085092831,556,松町和風小舖,restaurant,25.0152443,121.5321720
4328118407,478,DazzLING Cafe,cafe,25.0421664,121.5525210
5458657195,438,爭鮮壽司,restaurant,25.0544818,121.5248721
1720282436,405,摩斯漢堡,fast_food,25.0573923,121.6137730
7213789583,479,老鼎旺,restaurant,25.0367731,121.5666467
6522601565,248,胖老爹,restaurant,25.1129500,121.5099346
6127553964,593,魏姐包心粉圓,cafe,24.9954886,121.4282330
4552371774,139,頂好滷味,restaurant,25.1772083,121.4489536
7175344488,442,內行蚵仔麵線,restaurant,25.0515214,121.5794907
7211425502,480,愛弘速食連鎖,restaurant,25.0365578,121.5793099
3324962861,515,伊瑪利,restaurant,25.0201281,121.5334414
3904708365,479,Lamigo 點心坊餐廳,restaurant,25.0362078,121.5692520
2947927717,399,古早味切仔麵,restaurant,25.0673516,121.5257122
3066846206,645,烘爐地甕缸雞,restaurant,24.9805770,121.5012479
7170215707,398,保記小籠包,restaurant,25.0635162,121.5112809
2292046882,552,四海遊龍鍋貼,restaurant,25.0087306,121.4712354
6096065700,324,阿貴牛排,restaurant,25.0888213,121.5184815
2837820262,557,維倫麵店,restaurant,25.0123617,121.5355328
4634215290,476,相聚一刻,restaurant,25.0318980,121.5202463
5276978625,510,好餓,restaurant,25.0206645,121.4659439
7175334744,368,食裡亭牛肉麵,restaurant,25.0730510,121.6188965
6197805071,364,香積廚,restaurant,25.0830191,121.5488183
5845066131,515,蔣記家薌麵,restaurant,25.0262643,121.5471199
7211425583,403,剛剛牛肉麵,restaurant,25.0677581,121.5853340
3846213485,650,老爹鵝肉,restaurant,24.9827982,121.5649429
5110348677,440,真福記脆皮烤鴨餐廳,restaurant,25.0522877,121.5524519
3778318878,399,鬍鬚張滷肉飯,restaurant,25.0590101,121.5301415
3450729725,598,利旺牛排館,restaurant,25.0012078,121.4995936
3824724878,601,北方老媽麵食館,restaurant,24.9936780,121.5391990
4828067721,606,老地方,restaurant,25.0011633,121.6131764
5198337999,762,漢堡大師三峽國際店,restaurant,24.9425636,121.3733417
3888706244,437,西雅圖極品咖啡,cafe,25.0456819,121.5183320
4108971726,439,羅浮宮宴會館,restaurant,25.0516277,121.5358315
6189317573,360,台南虱目魚,restaurant,25.0724084,121.4898564
4325693469,601,大腸蚵仔麵線,restaurant,24.9921016,121.5429944
4265554789,440,養心殿精緻鍋物,restaurant,25.0444192,121.5502776
4524863756,436,雅香自助火鍋城,restaurant,25.0437357,121.5028229
4449757831,438,福大蒸餃館,restaurant,25.0515237,121.5215992
3700532673,478,榮記涼麵,restaurant,25.0312890,121.5600563
5845316859,515,和美台式自助餐,restaurant,25.0249396,121.5458970
5504491300,601,阿芳快餐,restaurant,25.0019915,121.5371972
3673123404,319,Coco,cafe,25.0845385,121.4386272
3846214361,650,生炒花枝,restaurant,24.9827622,121.5647585
6720844027,437,Goldffee,cafe,25.0467254,121.5133778
4731686688,405,早點.來,restaurant,25.0686263,121.6119471
5350275348,479,Baba Kevin's Barbeque,restaurant,25.0325407,121.5631816
5645321599,388,脆皮雞排,restaurant,25.0596487,121.3686984
2888548301,139,越鄉美食館,restaurant,25.1766651,121.4484170
2643681885,353,番茄村漢堡,restaurant,25.0776274,121.3890972
4179795026,360,爭鮮餐飲,restaurant,25.0707914,121.4943317
5551893021,477,林家米粉湯,restaurant,25.0329812,121.5382014
6553170176,439,星巴克,cafe,25.0516569,121.5437698
3416263834,598,板橋謝記清湯肉圓,restaurant,24.9948926,121.4975908
5892706789,440,胡同燒肉一號店,restaurant,25.0435684,121.5502633
4524863902,439,大埔鐵板燒,restaurant,25.0482170,121.5406887
7004093443,437,印尼小吃店,restaurant,25.0500325,121.5112668
2168323059,439,摩斯漢堡,fast_food,25.0517090,121.5402571
5110489748,399,龍爺海鮮,restaurant,25.0594999,121.5237274
3465512093,598,老先覺麻辣窯燒鍋,restaurant,24.9958881,121.5031469
6720844031,398,品越小館,cafe,25.0627891,121.5130477
7170215756,443,二師兄精緻早餐,restaurant,25.0544140,121.5925717
5187735902,325,富堯壽喜燒 牛排洋食,restaurant,25.0917750,121.5263033
4993931654,368,花暖簾日本料理,restaurant,25.0709768,121.6097244
4221670192,516,八方雲集,restaurant,25.0241607,121.5555524
7213007974,515,河內美食,restaurant,25.0226176,121.5429711
5108743120,601,百香自助餐,restaurant,24.9992349,121.5388983
7194706943,482,好食食坊,restaurant,25.0413641,121.6184926
2913973027,139,禾佃鐵板料理,restaurant,25.1703682,121.4463677
3445856205,478,Zoca Pizzeria,restaurant,25.0305419,121.5526333
5187795821,287,皇家披薩,restaurant,25.1086039,121.5312351
3812406080,601,榆小鋪,restaurant,24.9948386,121.5415451
3328449235,597,悟饕池上飯包,restaurant,24.9960779,121.4887902
3270550674,438,nichi nichi 日子咖啡,cafe,25.0536934,121.5197071
4236824154,734,金詩味熱炒家常野菜,restaurant,24.9527664,121.5407639
2308209005,330,85度C,cafe,25.0841146,121.5928239
5515959709,437,點點心,restaurant,25.0473355,121.5164438
5372146603,555,美之美早餐店,restaurant,25.0076909,121.5089394
7211425690,479,老饕肉舖,restaurant,25.0378496,121.5758977
4707124892,399,晴光意麵,restaurant,25.0647308,121.5228699
3087334535,649,等樓上房客的一個人咖啡,cafe,24.9792649,121.5566120
4200642655,558,來來豆漿,restaurant,25.0031736,121.5508844
7170215736,443,鬼匠拉麵,restaurant,25.0520453,121.5935628
3270616970,438,剛好,cafe,25.0541721,121.5194649
7194693257,399,量子塔可（沙威瑪）,restaurant,25.0700019,121.5225018
4301523420,476,小魯玉山東大餅,restaurant,25.0301301,121.5220038
5824757893,439,健康素食,restaurant,25.0546728,121.5427363
569950079,517,麥當勞,fast_food,25.0268944,121.5682109
2913980648,139,淡水經濟小吃,restaurant,25.1707535,121.4470547
3270601173,438,小時咖啡,cafe,25.0541666,121.5198125
7330746360,557,路易莎咖啡,cafe,25.0145667,121.5379231
5564542400,444,南港287,restaurant,25.0539399,121.6081172
4200642684,558,巨林美而美,restaurant,25.0024610,121.5515959
7194706842,399,農物小舖,restaurant,25.0681172,121.5189738
4283574212,476,Hu小吃自助餐,restaurant,25.0295071,121.5218742
5048161956,187,伯朗咖啡館,cafe,25.1396404,121.5009755
2643649053,353,聖逸軒刀削麵,restaurant,25.0773497,121.3934061
3761232565,593,拿坡里,fast_food,24.9892756,121.4220100
3341995433,640,蚵仔煎,restaurant,24.9825674,121.4161605
4838087650,437,燒匠,restaurant,25.0444320,121.5050610
6545010117,516,詹記麻辣火鍋,restaurant,25.0243468,121.5491511
3731276228,723,瑞麟美而美 大雅店,restaurant,24.9495413,121.3787177
4693509391,1006,千戶傳奇鱘龍魚餐廳,restaurant,24.8446576,121.4502129
3729154092,138,黑豬世家,fast_food,25.1682454,121.4441220
2618185913,353,中一排骨,restaurant,25.0783927,121.3962135
2744876217,437,麥當勞,fast_food,25.0441575,121.5184826
2713545226,474,Starbucks,cafe,25.0294874,121.5024943
7138715798,213,山西刀削麵,restaurant,25.1341821,121.5024766
3955465475,440,光復永和豆漿,restaurant,25.0522264,121.5569683
3887825765,401,雙聖餐廳,restaurant,25.0580492,121.5484203
6099308595,399,史記正宗牛肉麵,restaurant,25.0578467,121.5295709
7169581046,440,一日樂食,restaurant,25.0521588,121.5547809
7170215731,443,八方雲集,restaurant,25.0515687,121.5937934
3522157693,601,拉亞漢堡,restaurant,24.9923424,121.5397266
5636490721,399,豆咖鮮烘咖啡坊,cafe,25.0611271,121.5203426
6090409579,325,頂好香,restaurant,25.0884703,121.5232800
4837986475,439,Herma Cafe & Croissant,restaurant,25.0487248,121.5437219
2557318929,439,民生自助餐,restaurant,25.0502065,121.5423069
3639047701,439,辛殿麻辣鍋,restaurant,25.0538947,121.5332998
3292774927,510,三徑微笑工坊,restaurant,25.0194309,121.4658394
4524863702,602,西紅柿麵食,restaurant,24.9991893,121.5573363
5495183421,325,大保赤肉羹,restaurant,25.0914188,121.5254874
2853438743,438,八方雲集,restaurant,25.0469178,121.5331719
2923648825,439,麥當勞,fast_food,25.0546707,121.5337929
5564549093,455,十分黑豬仔,restaurant,25.0440201,121.7787925
5699174893,477,饞食坊,restaurant,25.0326343,121.5439971
4545809189,476,青島豆漿店,restaurant,25.0362676,121.5247258
4114512598,477,鼎泰豐,restaurant,25.0410982,121.5432301
4837986560,516,全家人牛排,restaurant,25.0293422,121.5560351
2410134963,437,西門町楊排骨酥麵,restaurant,25.0454441,121.5080839
7211425757,374,太祖魷魚羹,restaurant,25.0816583,121.6975186
4846801499,596,佇品重慶店,restaurant,24.9976153,121.4636300
5110581229,301,QQ堡,restaurant,25.1076855,121.8085222
4258242586,553,欣葉小聚,restaurant,25.0064051,121.4748432
1837944568,328,永和豆漿,restaurant,25.0864951,121.5671244
5564549044,406,烘焙雅集,restaurant,25.0573882,121.6361966
3035134110,214,頂呱呱,fast_food,25.1362085,121.5042299
4834782015,648,隆鼎御品豬腳,restaurant,24.9791883,121.5425027
4571265131,139,麥軒早餐店,restaurant,25.1773572,121.4510192
3412122193,139,炸老大,fast_food,25.1783020,121.4459187
4524863875,400,雲城泰式料理,restaurant,25.0568862,121.5444453
2617004336,731,小天景豐樓餐廳,restaurant,24.9578020,121.5031509
7170215761,442,熊男燒鳥,restaurant,25.0500831,121.5832299
3643897403,511,路易莎咖啡,cafe,25.0168840,121.4760592
4338058540,598,星巴克,cafe,25.0008693,121.4973512
7153752180,478,伍佰雞屋,restaurant,25.0383161,121.5547366
5845316860,515,澳客炙燒牛排,restaurant,25.0249657,121.5455697
3462983290,598,WaWa樂園中和景平店,restaurant,24.9962024,121.5009798
4820442584,433,胖老爹炸雞,restaurant,25.0527015,121.4448895
5110488716,399,佳佳豆漿,restaurant,25.0591283,121.5216702
4820442568,433,萬丹車輪餅,restaurant,25.0436337,121.4448422
4809511026,438,阿城我鳥肉,restaurant,25.0564099,121.5303340
6328739396,602,速食屋,restaurant,24.9984068,121.5482701
3337457985,640,香雞排,restaurant,24.9825327,121.4158052
4108971718,439,海壽司,restaurant,25.0517295,121.5378276
4023513506,722,大媽牛肉麵,restaurant,24.9547343,121.3564519
1993453983,364,Starbucks,cafe,25.0835841,121.5567636
4152018290,553,揚日式料理,restaurant,25.0023683,121.4843043
4863945421,438,Sinar Terang,restaurant,25.0463402,121.5190316
3133621160,325,以利泡泡冰,restaurant,25.0949880,121.5236892
4756039057,517,鈞饌早餐店,restaurant,25.0224626,121.5693705
6128190439,555,Magic Mars,cafe,25.0072792,121.5132906
5502990935,507,八方悅鍋物 四維店,restaurant,25.0201589,121.4213924
2772749525,648,FUN鍋子,restaurant,24.9843440,121.5412683
6514349842,440,悟饕健康米食主張,restaurant,25.0518440,121.5529228
3182377425,433,中港蚵仔麵線臭豆腐,restaurant,25.0454977,121.4521375
299002404,479,N.Y.Bagels Cafe,restaurant,25.0321775,121.5687012
6024282265,510,吉野烤肉飯,restaurant,25.0206402,121.4654939
3770200130,437,丹堤咖啡,cafe,25.0459108,121.5137759
4650911095,762,達美樂披薩,restaurant,24.9375015,121.3725335
7278675535,475,捌玖玖滷肉飯,restaurant,25.0317169,121.5183867
7170215715,398,大眾素食,restaurant,25.0642136,121.5110695
7330800319,557,全家喜湯包,restaurant,25.0145897,121.5378707
3132488955,399,三媽臭臭鍋,restaurant,25.0648581,121.5241050
4642421494,365,Cama,cafe,25.0816015,121.5711709
2643730276,353,味朋火鍋,restaurant,25.0794933,121.3865605
4260401264,640,古早味冰店,restaurant,24.9830355,121.4241563
3725707057,475,宏福素食餐,restaurant,25.0417523,121.5111140
4709848690,438,雙園燒臘食品,fast_food,25.0501125,121.5215352
4175052363,761,台北永和豆獎,restaurant,24.9358508,121.3659584
4451132862,211,竹鮮精緻風味鍋,restaurant,25.1352371,121.4608071
5611157422,517,麥味登,restaurant,25.0251822,121.5690832
1850962941,514,春天素食,restaurant,25.0265112,121.5322572
4298897612,439,慶陳雞,restaurant,25.0543331,121.5465166
2523931424,366,麥當勞,fast_food,25.0789952,121.5784120
4524863628,439,可味包子,restaurant,25.0549397,121.5403131
6127553959,593,銀座杏子日式豬排,restaurant,24.9956305,121.4281639
3304642009,477,頂好哨子麵,restaurant,25.0422318,121.5462414
7066831585,477,四知堂TUA攤,restaurant,25.0357291,121.5470100
2311690628,514,糊塗麵,restaurant,25.0237422,121.5314764
7211425529,442,無名米粉湯,restaurant,25.0468656,121.5886027
6354698759,477,台中許家屯扁食,restaurant,25.0427590,121.5444095
3033189647,606,老爺豆腐美食,restaurant,25.0010931,121.6129256
6027177111,439,麵食主義,restaurant,25.0530280,121.5474979
2913969604,139,原串居酒屋,restaurant,25.1706051,121.4459585
4754476723,439,麵屋輝,restaurant,25.0495566,121.5346385
4333788875,640,香貢貢東山鴨頭,restaurant,24.9807610,121.4205530
5403564288,139,好吃川川,restaurant,25.1678880,121.4475113
4838086713,437,威耳貝克手工烘培咖啡,cafe,25.0460754,121.5139387
7138715790,213,陳季炸雞,restaurant,25.1333854,121.5025644
5635182381,388,自助餐,restaurant,25.0589784,121.3696581
7282086092,438,臨洋港生猛活海鮮長安店,restaurant,25.0481307,121.5293469
3939158029,478,FOREST RESTAURANT,restaurant,25.0407133,121.5535761
4489773693,476,小南門傻瓜乾麵,restaurant,25.0348071,121.5275437
7211425654,480,呷尚宝,restaurant,25.0392578,121.5859166
4334952501,475,弘爺漢堡,restaurant,25.0315333,121.5178875
5551944276,515,巧房餡餅蔥油餅,fast_food,25.0249663,121.5451870
2974008722,599,麥當勞中和興南店,fast_food,24.9889191,121.5099527
4239566490,289,三希堂茶館,cafe,25.1021330,121.5488265
5181411521,287,富利得利,restaurant,25.1087867,121.5239723
7175344510,441,尚鼎麻辣鍋,restaurant,25.0483170,121.5720817
4771270121,478,上順興香Q飯糰,fast_food,25.0420417,121.5519656
4245896140,438,涼麵邵媽,restaurant,25.0438055,121.5322993
2473809601,514,河岸留言,cafe,25.0172009,121.5313830
7024826041,259,旅人餐廳,restaurant,25.1108732,121.7570575
3286110743,515,蘇活義大利麵坊,restaurant,25.0200990,121.5335669
4524318930,601,巷口炒飯王,restaurant,24.9904996,121.5420006
3846209735,650,江浙小菜,restaurant,24.9829502,121.5668119
4684923690,400,杭州小籠湯包,restaurant,25.0574676,121.5452670
4328118414,557,公館蚵仔麵線,restaurant,25.0128138,121.5357870
3528427393,439,御串房,restaurant,25.0538290,121.5349602
4231372855,438,彌生軒,restaurant,25.0522513,121.5323958
7175344679,477,采岳軒重慶抄手麵食,restaurant,25.0337264,121.5387821
6155600459,694,上海拉麵,restaurant,24.9714457,121.5429631
6026925457,439,燒臘飯,restaurant,25.0552274,121.5404704
5256908021,249,蒜什麼咚咚 蒜味鹽酥雞,restaurant,25.1107478,121.5295417
2633698769,440,星巴克,cafe,25.0513922,121.5537929
4820442531,471,霸味薑母鴨,restaurant,25.0424226,121.4475682
5110348640,516,鑫水豐生猛海鮮,restaurant,25.0237495,121.5535177
2755438551,476,女六宿舍餐廳(老莫),restaurant,25.0409820,121.5215134
4571256565,139,大使館找餐店,restaurant,25.1772771,121.4504264
3622790059,511,永昌牛肉麵,restaurant,25.0166802,121.4759522
3154666479,516,舞蔬弄果基隆路店,restaurant,25.0226423,121.5502700
7194706796,216,家之味食堂,restaurant,25.1356529,121.5383776
3860013883,601,八方雲集,restaurant,24.9942309,121.5447990
6140337471,514,津屋日本料理,restaurant,25.0200558,121.5312472
4354676266,506,早地方 早午餐,cafe,25.0187674,121.4077358
6096068442,325,大佬牛牛排,restaurant,25.0884800,121.5210651
469620173,514,星巴克,cafe,25.0174739,121.5318717
4837986428,516,南川麵館,restaurant,25.0247098,121.5496349
5189814422,249,溫州大餛飩,restaurant,25.1192983,121.5274820
5110245045,556,跳跳蛙健兒親子餐廳,restaurant,25.0133847,121.5305203
2376980936,478,星巴克咖啡,cafe,25.0424137,121.5567345
1837951128,365,牛耳牛肉麵,restaurant,25.0834758,121.5679370
5334331921,438,二条通.綠島夜曲,cafe,25.0488420,121.5215759
4607504903,249,德州美墨炸雞,fast_food,25.1157046,121.5283106
6682102616,439,Hot 7,restaurant,25.0482818,121.5340850
3939158511,480,麥當勞,fast_food,25.0412184,121.5790609
2993481244,305,礦工食堂,restaurant,25.1079921,121.8581253
3846215057,650,morning熊早餐,restaurant,24.9827069,121.5645101
7175344762,512,AP203 Bar,restaurant,25.0211822,121.4993365
2927561201,138,淡水紅樓咖啡館 Red3 Cafe,cafe,25.1712495,121.4393989
7175344642,368,麥味登,restaurant,25.0729541,121.6186513
5220512987,478,雞窩,restaurant,25.0300369,121.5514221
2178660018,476,Basil,restaurant,25.0416408,121.5317532
2617051723,732,陳記越南小館,restaurant,24.9606528,121.5101731
3274527361,601,阿泔麵店,restaurant,25.0004719,121.5399831
4524863710,439,私房菜,restaurant,25.0545242,121.5416189
4101259389,596,國慶路鹽水雞,restaurant,24.9962761,121.4628000
2643718565,353,常淞平價牛排,restaurant,25.0778078,121.3876758
4524863876,400,新桃園極致鍋物,restaurant,25.0568799,121.5445879
3661063912,249,B1－鼎鮮麵食館,restaurant,25.1161792,121.5231027
5892704988,478,馬辣頂級麻辣鴛鴦火鍋,restaurant,25.0416143,121.5531284
7175344574,442,齋心坊素食小吃,restaurant,25.0461662,121.5776166
3840864391,694,刷八方蒙古烤肉,restaurant,24.9693027,121.5418181
6961391730,249,餃。麵,restaurant,25.1186608,121.5282552
3323027096,593,元元佳滷味,restaurant,24.9909823,121.4258330
3682788097,551,日出茶太,cafe,25.0079789,121.4458790
7211425579,480,家裡 共享時光,restaurant,25.0416463,121.5873818
1996971419,192,二姐的店,restaurant,25.1406478,121.5679184
3473215093,439,四平街蕃茄牛肉麵,restaurant,25.0536873,121.5351538
3723319538,557,海人,restaurant,25.0129292,121.5357915
5248376423,325,福客,restaurant,25.0969456,121.5217514
3909253526,640,四海豆漿大王,restaurant,24.9795402,121.4183731
6028696681,593,越南河粉,restaurant,24.9945959,121.4283912
6310412886,365,溢香園,restaurant,25.0822694,121.5687107
4301521295,476,一心麵店,restaurant,25.0301448,121.5222854
2393783453,476,老張牛肉麵,restaurant,25.0315274,121.5286731
4524318963,601,鐵路便當,restaurant,24.9950610,121.5414163
2526191688,601,異便當,restaurant,24.9901505,121.5464023
3859947849,216,大家樂早餐店,restaurant,25.1372128,121.5416183
2407901301,478,老虎醬溫州大餛飩,restaurant,25.0302238,121.5609352
5123847388,438,烤司院嘆烤土司專賣店,restaurant,25.0483540,121.5224486
4524864078,388,林口牛肉麵,restaurant,25.0690128,121.3708867
4325693939,606,源春,restaurant,25.0012607,121.6136819
2880238738,438,車站腿庫飯,restaurant,25.0483317,121.5319149
4483311389,325,真鍋咖啡館,cafe,25.0924050,121.5257631
2755478345,476,107蔥抓餅,restaurant,25.0396673,121.5223993
2618845209,287,噪咖,cafe,25.1060589,121.5223623
5069213521,601,真的咖啡,cafe,25.0001351,121.5383764
2899366919,444,85度C,cafe,25.0520390,121.6159353
2470165733,648,寶斗厝熱炒店,restaurant,24.9872801,121.5408717
5239464698,475,鮮味小火鍋,restaurant,25.0312734,121.5176190
2906735015,439,太師傅便當,restaurant,25.0481679,121.5422402
7213007977,515,馬祖麵館,restaurant,25.0228418,121.5429477
4596398291,610,豆花點心小店,restaurant,24.9914207,121.6776129
6568146971,474,Tsubi COffee,cafe,25.0339600,121.5023679
7211425608,443,拱心意義大利麵,restaurant,25.0490647,121.5940201
4043625924,601,秀夫丼飯,restaurant,24.9894663,121.5415316
3040751319,600,湘福川菜館,restaurant,24.9914158,121.5192098
3286110745,515,鳳城燒臘,restaurant,25.0202360,121.5337638
4837986523,439,第一劇場魚丸店,restaurant,25.0548563,121.5419721
4972247432,467,文青自助餐,restaurant,25.0390163,121.3880266
7138715765,213,福慧根湯,restaurant,25.1368879,121.5030684
3884736562,406,福德永和豆漿大王,restaurant,25.0661707,121.6309766
2618401024,438,韓國館,restaurant,25.0515222,121.5295730
7194706914,651,阿義師牛肉麵,restaurant,24.9867303,121.5789554
4732257212,368,雍記小館,restaurant,25.0711113,121.6096601
4242573391,600,優子姊的店,restaurant,25.0003603,121.5275649
2826048599,329,八方雲集,restaurant,25.0883783,121.5867117
3780487808,648,美養莊園,restaurant,24.9825778,121.5397465
3730373623,287,天丼專門店,restaurant,25.1036284,121.5219635
4524863993,478,Route 66,restaurant,25.0399740,121.5538089
5260258022,365,初牛,restaurant,25.0765597,121.5761050
2850324311,437,三朵花炭火燒肉鍋物,restaurant,25.0441478,121.5039239
2799084322,367,內湖星雲38,restaurant,25.0815772,121.5928549
5551938427,515,陳記腸蚵麵線,restaurant,25.0249793,121.5443112
3985895571,510,紅坊義式廚房 國光店,restaurant,25.0183485,121.4601100
6024282268,510,燒肉眾,restaurant,25.0206221,121.4663612
3707814371,762,北大精緻自助餐,restaurant,24.9461508,121.3774135
3473216293,439,里山咖啡,cafe,25.0526085,121.5338520
5323555022,325,越廚,restaurant,25.0848826,121.5224293
2976044579,400,梵素食館,restaurant,25.0601600,121.5388376
708991600,479,麥當勞,fast_food,25.0350368,121.5661737
5624488852,388,阿忠麵線,restaurant,25.0596626,121.3689773
5190057821,287,天母盛鑫,restaurant,25.0983096,121.5269424
7170215705,397,奇萊早餐店,restaurant,25.0623475,121.5030551
5110245034,476,府岸,restaurant,25.0323838,121.5292013
5556070109,439,格登炸雞 遼寧店,restaurant,25.0493299,121.5420715
4963866763,470,魚多甜 輔大店,restaurant,25.0321089,121.4338490
2643718533,353,東石蚵仔,restaurant,25.0794202,121.3883033
7211425701,403,成功來來豆漿店,restaurant,25.0673916,121.5905039
4846801504,596,樂聚鍋物,restaurant,24.9963865,121.4631104
4837986382,440,Mangio,restaurant,25.0488124,121.5624110
7194706778,652,猴山岳土雞城,restaurant,24.9776256,121.5952414
7194706840,482,58快炒,restaurant,25.0410404,121.6184532
7170215758,443,That's all,restaurant,25.0553261,121.5929162
3019927968,437,添好運,restaurant,25.0459744,121.5171721
2923886305,593,晶禾樂蔬食坊,restaurant,24.9889345,121.4268260
4058075210,479,Subway,fast_food,25.0392482,121.5771018
7211425756,403,太郎日本料理,restaurant,25.0688485,121.5867135
3832655082,515,丹提咖啡,cafe,25.0255016,121.5372293
2188362727,400,Vasa Pizzeria 瓦薩Pizza,restaurant,25.0573417,121.5392562
3727152544,440,茶果子咖啡坊,restaurant,25.0487895,121.5541612
7211425815,403,毛毛餐飲店,restaurant,25.0635508,121.5804136
7004220043,363,大直小館,restaurant,25.0801446,121.5471983
4834782531,648,高記燒臘廚房,restaurant,24.9815596,121.5374688
1281234333,477,Diary,restaurant,25.0360516,121.5471857
3953673681,440,小愛自助餐,restaurant,25.0526476,121.5608631
7175344567,441,侏儸紀醬汁魷魚、啤酒螺專賣店,restaurant,25.0505535,121.5750650
4820442534,433,麵屋龍,restaurant,25.0440059,121.4480712
3939199354,319,溪湖羊肉城,restaurant,25.0844149,121.4390609
7276061147,213,矮仔財滷肉飯,restaurant,25.1325247,121.5026012
7004220037,363,賢記熱炒,restaurant,25.0820710,121.5462877
5342423544,514,汀州飯包,restaurant,25.0249831,121.5196194
5110245040,476,契飯食堂,restaurant,25.0322473,121.5286222
2292591819,692,高家餃子麵食館,restaurant,24.9746990,121.5182090
4837986388,439,濟南鮮湯包,restaurant,25.0466180,121.5436093
5116680333,473,土庫阿木當歸鴨,restaurant,25.0305985,121.4766058
7194706962,325,隱家拉麵,restaurant,25.0932948,121.5275007
3232527375,368,永和豆漿,restaurant,25.0711497,121.6077754
4820442552,471,鱻宴,restaurant,25.0399284,121.4516156
5858751909,477,奧瑞岡義大利餐廳,restaurant,25.0327796,121.5479607
7194706759,482,大豐自助餐,restaurant,25.0411998,121.6188177
5505162718,388,森輕食堂,restaurant,25.0589449,121.3689037
3743063131,515,Pillow Cage,cafe,25.0269534,121.5398812
2643718555,353,元氣朝食早餐,restaurant,25.0795951,121.3886788
5540167936,478,好滴咖啡,cafe,25.0407818,121.5502788
3881721581,694,碧蘿春,restaurant,24.9738263,121.5431035
6989671716,190,豆留森林,cafe,25.1382742,121.5467807
7138715804,213,古早味蹄膀飯,restaurant,25.1359726,121.5034664
6156191731,478,I Met You Cafe,cafe,25.0344570,121.5597886
3233917888,552,御天屋拉麵,restaurant,25.0141402,121.4681516
5493371824,325,平價牛排,restaurant,25.0884821,121.5258358
7211425574,443,海岸活蝦之家,restaurant,25.0548352,121.5953381
2947935441,399,ALL Pasta,restaurant,25.0665554,121.5271509
3887825433,478,mbi,cafe,25.0344316,121.5582687
7211419053,404,興華早餐店,restaurant,25.0567488,121.6055556
2941602401,139,聖馬洛廚房,restaurant,25.1737057,121.4521082
1735966201,514,拿坡里披薩,fast_food,25.0293846,121.5187026
3416263835,598,大窯大擺義大利手工窯烤披薩,restaurant,24.9972728,121.5002179
7004248040,364,天母盛鑫,restaurant,25.0830492,121.5574595
5108706545,694,呷尚寶,restaurant,24.9744907,121.5443932
4834761737,601,集客臭臭鍋,restaurant,24.9985971,121.5397076
3686395452,389,百八漁場,restaurant,25.0692963,121.3711732
3860789084,593,行灶腳,restaurant,24.9914811,121.4226130
6749527350,510,DOSE 都是咖啡 1900,cafe,25.0188482,121.4677699
5109347784,556,御廚房雲吞麵食,restaurant,25.0157561,121.5329627
5110348658,515,福皇宴港式小館,restaurant,25.0263413,121.5478659
6049555127,325,黑輪大王,restaurant,25.0895107,121.5268717
2643718505,353,兩批索,restaurant,25.0785068,121.3876273
2768351130,400,水問蔬食園,restaurant,25.0600279,121.5333630
2912585867,139,饞鬥鍋物,restaurant,25.1720925,121.4461852
4307603606,325,路易莎咖啡,cafe,25.0840396,121.5244764
3725713803,475,大鼎排骨湯,restaurant,25.0417255,121.5107742
7175344685,441,三媽臭臭鍋,restaurant,25.0506710,121.5765069
5515959706,437,Dazzling Café Sweets,cafe,25.0477713,121.5167182
3470886593,439,三好一公道涼麵,restaurant,25.0484199,121.5420482
5110245065,476,Cafe 233,cafe,25.0338423,121.5314300
2977303910,555,和陞屋牛排,restaurant,25.0074036,121.5124768
2949195367,601,早安美芝城,restaurant,24.9949105,121.5448245
7175344728,512,東興素食自助餐廳,restaurant,25.0203022,121.4958660
3665795717,472,小晴空,restaurant,25.0299004,121.4688118
7138715811,214,早安美芝城,restaurant,25.1352386,121.5049771
3704355300,516,食全池上便當,restaurant,25.0241973,121.5540493
3031668433,138,九濤石頭火鍋,restaurant,25.1693495,121.4439529
6028698328,593,豆府花城,restaurant,24.9931655,121.4279324
6064312686,438,不二家,restaurant,25.0558107,121.5234205
5205490723,249,好鍋,restaurant,25.1185359,121.5272165
7175344530,513,展昇茶飲,restaurant,25.0271281,121.5111303
3621380073,601,老圓環空肉飯,restaurant,24.9955512,121.5448351
7138715777,213,南海素食早點,restaurant,25.1355172,121.4990622
4996818947,650,安九食堂,restaurant,24.9796064,121.5713517
3541201294,399,Tonup cafe,cafe,25.0650901,121.5216983
3622790395,511,如意擔仔麵,restaurant,25.0180589,121.4780067
2299035019,367,丸子公主,restaurant,25.0799395,121.5939652
3285621066,360,四海遊龍,restaurant,25.0706204,121.4950040
6024267112,360,泰味廚房,restaurant,25.0700694,121.4970053
4935910024,517,周胖子餃子館,restaurant,25.0259290,121.5689041
2923736278,480,甘露水雅集,restaurant,25.0422292,121.5798788
3044924739,555,季節香茶葉與咖啡烘焙屋,cafe,25.0132413,121.5132649
6804331787,510,環南米苔目,restaurant,25.0185906,121.4613311
7175334772,249,黃牛屋牛肉麵館,restaurant,25.1229118,121.5267421
4845760999,388,倆倆號,restaurant,25.0663458,121.3614590
7175334766,249,火鍋世家,restaurant,25.1228415,121.5244385
4307603566,287,泰之雲,restaurant,25.1022132,121.5232518
2843261412,301,香港何記燒臘,restaurant,25.1075520,121.8052700
4325694209,476,雙林飛碟早餐,restaurant,25.0375273,121.5330948
2470163462,477,Cross Cafe,cafe,25.0386724,121.5466285
3510209907,438,AN-Burger,fast_food,25.0544105,121.5217306
2437028916,640,麥當勞,fast_food,24.9846168,121.4262944
2810933502,552,鴨角炭燒薑母鴨,restaurant,25.0101303,121.4656597
5504919529,601,晨堡早餐屋,restaurant,24.9951462,121.5394969
5110348211,441,八號極品海鮮餐廳,restaurant,25.0510943,121.5633540
3292774952,510,92 Mon Cafe 就愛夢咖啡,restaurant,25.0179744,121.4646259
3548955707,551,珍鄉小館,restaurant,25.0135480,121.4562646
5286854376,602,香港珍園燒臘店,restaurant,24.9980315,121.5587314
2901300205,437,芝香涼麵,restaurant,25.0445671,121.5155472
2614653410,366,拿坡里披薩,fast_food,25.0795463,121.5900245
2912321301,138,天使熱愛的生活,cafe,25.1728813,121.4355845
7169581025,440,嗨！,restaurant,25.0490281,121.5541446
6127553940,593,Chatime,cafe,24.9953776,121.4288569
3700965680,358,大埔鐵板燒,restaurant,25.0831324,121.4630048
4344542410,439,香遇,cafe,25.0538500,121.5364015
2712088543,552,ComeBuy,cafe,25.0108803,121.4638020
6170345954,167,山上聊,cafe,25.1608447,121.5434412
7242261469,366,許家牛肉麵,restaurant,25.0780015,121.5782995
7211425809,479,Queen's Ring 手工牛軋酥,restaurant,25.0381011,121.5760863
3278448296,640,萬佳香早餐店,restaurant,24.9802617,121.4164367
3022591205,444,武侍酒日式居酒屋,restaurant,25.0550251,121.6144648
4347356990,405,非常泰,restaurant,25.0584556,121.6145902
6402119403,474,濟善老舖,restaurant,25.0328934,121.5023404
5795698532,557,三香香香祖傳豬腳麵,restaurant,25.0035686,121.5411392
5992009585,440,胡同燒肉,restaurant,25.0436786,121.5501308
3664037469,478,Rhody's Bar & Restaurant,restaurant,25.0428541,121.5555086
3835342083,649,肯得利香雞排,restaurant,24.9843921,121.5603136
4340167722,437,小春園,fast_food,25.0540847,121.5136684
4928425267,439,Suyaki,restaurant,25.0517420,121.5351656
2624816667,514,四海豆漿,restaurant,25.0272376,121.5258268
6604982539,720,巨森早餐吧,restaurant,24.9551088,121.3381903
4820442561,471,台西蚵仔麵線,restaurant,25.0384522,121.4469095
5666895655,399,學餐:中華麵店,restaurant,25.0659379,121.5215941
3285476988,479,一蘭拉麵,restaurant,25.0363613,121.5692539
5110489262,476,楓淋軒,restaurant,25.0413302,121.5325628
2947927716,399,農來自助餐,restaurant,25.0670231,121.5259245
3725812491,440,自然風,restaurant,25.0443188,121.5513883
2357128251,602,摩斯漢堡,fast_food,25.0003061,121.5555986
3837459790,640,黑白切,restaurant,24.9787049,121.4198006
5591399615,442,喜園涮涮鍋,restaurant,25.0446521,121.5820333
2526221664,649,永和豆漿大王,restaurant,24.9878641,121.5517035
5201843935,325,南美咖啡,cafe,25.0953052,121.5246758
6624620221,474,貴隆餐館,restaurant,25.0399176,121.5025006
5645321595,388,八方雲集,restaurant,25.0596918,121.3689587
7170228283,187,派帝炸雞漢堡早餐店,restaurant,25.1451997,121.4945211
3707814907,762,麥味登 三峽三樹店,restaurant,24.9420644,121.3792561
7170215738,443,八方雲集,restaurant,25.0515422,121.5937836
3216077286,476,灶紅了,restaurant,25.0327670,121.5291437
3924736076,475,三商巧福 延平店,restaurant,25.0340544,121.5075529
3711361605,478,海壽司,restaurant,25.0329109,121.5546233
6853430899,514,O’Steak 歐牛排法餐廳,restaurant,25.0292970,121.5310380
3835325040,649,上合屋手工豆花,restaurant,24.9838865,121.5590780
4018211179,439,聚馥園餐廳,restaurant,25.0521497,121.5432368
2625503720,363,新記南京板鴨,restaurant,25.0796753,121.5454827
2339284684,401,麥當勞,fast_food,25.0578855,121.5482835
4838086718,437,Woolloomooloo,restaurant,25.0450786,121.5039275
3716532364,352,永和豆漿,restaurant,25.0809896,121.3829097
5110348644,516,明月湯包,restaurant,25.0275731,121.5555077
3416064600,598,眾饕便當,restaurant,25.0004291,121.4995221
5110348599,477,兩餐,restaurant,25.0412696,121.5464274
5709118737,388,西門町楊排骨酥麵,restaurant,25.0593766,121.3692115
4848972921,398,四海豆漿大王,restaurant,25.0574711,121.5154999
5551835426,477,丹堤咖啡,cafe,25.0335806,121.5425527
2912374801,138,愛爾蘭瘋薯,restaurant,25.1691440,121.4418734
7194706815,327,雙囍中餐廳,restaurant,25.0843817,121.5589509
5108706562,694,J. J.Garden,restaurant,24.9734508,121.5434653
4254654859,515,大拇指,restaurant,25.0247298,121.5426670
5110489812,399,原生園,restaurant,25.0629214,121.5253057
2320119259,214,麥當勞,fast_food,25.1362179,121.5042733
2124843068,399,麥當勞,fast_food,25.0601259,121.5257647
5110490287,399,尚月中華時尚料理,restaurant,25.0570590,121.5323714
7022050585,438,阿源小吃店,restaurant,25.0536956,121.5313927
5694591424,399,新田鰻味屋,restaurant,25.0574892,121.5249826
3603955098,593,三媽臭臭鍋,restaurant,24.9889591,121.4218208
7035784674,212,北投會館餐廳,restaurant,25.1345778,121.4835455
2843267111,301,福哥牛肉麵,restaurant,25.1075764,121.8060424
4293261321,650,香香自助餐,restaurant,24.9875995,121.5755288
7138715783,213,源士林,restaurant,25.1350595,121.4993867
6323106710,478,布朗尼咖啡,restaurant,25.0336860,121.5597644
3707479483,437,屯京拉麵,restaurant,25.0461748,121.5162890
2929688614,439,Volks沃克牛排台北復興店,restaurant,25.0485913,121.5442087
4524863647,478,晉來自助餐,restaurant,25.0320366,121.5591761
2820702071,762,5味臭臭鍋,restaurant,24.9359287,121.3749913
4114587508,516,菜豚屋韓式燒肉,restaurant,25.0254225,121.5539871
2734238227,438,永和豆漿,restaurant,25.0435147,121.5249155
4236823738,734,朱生魚片專賣店,restaurant,24.9528641,121.5405800
4142892406,648,Mita Pasta 義式廚房,restaurant,24.9830637,121.5405227
7004130374,475,三軍軍官俱樂部,restaurant,25.0396843,121.5086590
3924745260,475,德芳早餐店,restaurant,25.0342608,121.5073457
7194706982,444,三媽臭臭鍋,restaurant,25.0475586,121.6158888
2618185911,353,岡山羊肉,restaurant,25.0773422,121.3896320
3842772506,398,臻味茶苑,restaurant,25.0576716,121.5096714
4200643109,558,瑞麟美而美,restaurant,25.0030808,121.5510175
4837986335,476,香舍味婆婆媽媽麵食館,restaurant,25.0401032,121.5323717
7095347126,477,亞都迷你火鍋,restaurant,25.0425032,121.5479849
3731276609,723,Apple203早午餐專賣 學林店,restaurant,24.9490574,121.3780124
7213007975,515,台南周記冰鎮滷味,restaurant,25.0227263,121.5429356
5110489733,399,O'tree Cafe,cafe,25.0625059,121.5246310
6329100515,439,海底撈,restaurant,25.0527673,121.5445593
4806732829,438,六堆伙房中山店,restaurant,25.0524575,121.5223047
4496468447,548,小順子牛肉麵,restaurant,25.0042209,121.4132366
7004212089,477,小四川,restaurant,25.0402528,121.5370952
6188996222,397,桶一天下現滷滷味,restaurant,25.0651749,121.5020176
7004297803,437,海霸王,restaurant,25.0523919,121.5087019
2216099453,599,E61 咖啡場所,cafe,25.0017654,121.5151559
7175344767,249,弘爺漢堡,restaurant,25.1229335,121.5245821
4298881359,557,韓天閣,restaurant,25.0143863,121.5339616
4099619273,687,泰之雲泰式料理,restaurant,24.9668995,121.4359316
3837459788,640,阿芬小吃,restaurant,24.9788256,121.4203548
6116252480,287,強強滾,restaurant,25.1017551,121.5231252
7194693228,361,阿一排骨,restaurant,25.0730292,121.5140462
3343597313,472,鬼椒一番鍋,restaurant,25.0294758,121.4731977
3186194977,479,天仁喫茶趣,cafe,25.0404525,121.5652394
2772752603,648,摩斯漢堡,fast_food,24.9827729,121.5397588
6254005985,475,阿財虱目魚,restaurant,25.0416750,121.5052674
3591717064,514,Maryjane Pizza,restaurant,25.0190241,121.5329179
3750773872,213,拾米屋,cafe,25.1361195,121.4989556
5828566394,439,Joseph Bristo想想廚房,restaurant,25.0493922,121.5343653
4838087739,437,金軒排骨,restaurant,25.0431658,121.5077816
3278448293,640,寶城日式涮涮鍋,restaurant,24.9807260,121.4180366
2575904194,438,麺屋一燈,restaurant,25.0523356,121.5243977
4058075216,441,北平彩芝樓,restaurant,25.0453427,121.5739149
7235632182,437,???,restaurant,25.0475410,121.5163864
3323027134,593,爭鮮壽司,restaurant,24.9913681,121.4243419
4236824143,557,紅蔥,restaurant,25.0093067,121.5373607
2618674816,211,大食客刀削麵,restaurant,25.1371247,121.4603690
7211425742,480,包記饅頭,restaurant,25.0377694,121.5860735
4085016851,439,金鳳越南美味,restaurant,25.0539321,121.5337722
4837986423,516,亞盧義大利窯烤,restaurant,25.0221804,121.5497340
6323106719,479,凱悅廳,restaurant,25.0353768,121.5630152
2400372302,477,幸福麵食餃子館,restaurant,25.0325334,121.5393662
5408627225,437,阿提卡咖啡,cafe,25.0525635,121.5086946
2953701660,650,摩斯漢堡木柵店,fast_food,24.9885821,121.5659069
2643630556,353,湯圓豆花,restaurant,25.0773532,121.3931213
3594110786,597,大呼過癮,restaurant,24.9961476,121.4834641
7022030580,438,呷尚寶,restaurant,25.0539786,121.5314510
3304641853,478,朝桂,restaurant,25.0421211,121.5484766
2643681878,353,美而美,restaurant,25.0788420,121.3913341
3188329662,603,首爾小吃,restaurant,24.9891161,121.5628219
3328449221,598,八百里牛肉麵餡餅專賣,restaurant,25.0019381,121.4987240
7170215780,442,松山駅日式涮涮鍋,restaurant,25.0485256,121.5795776
4567949093,407,八方雲集,restaurant,25.0656271,121.6416663
4669665493,516,RKdesign & 草泥 weed on mud cafe,cafe,25.0238442,121.5499815
3301053318,438,怡客咖啡,cafe,25.0529694,121.5332421
2724850255,552,薄多義(BITE 2 EAT),restaurant,25.0087032,121.4607660
4834761753,601,八鍋臭臭鍋,restaurant,24.9942793,121.5417568
4253223604,438,魚心日本料理 (鰻魚),restaurant,25.0525321,121.5304615
3476254798,598,璐璐早餐店,fast_food,25.0001836,121.4995531
3821098479,734,食都臭臭鍋,restaurant,24.9591280,121.5384004
4340727653,400,八方雲集,restaurant,25.0645877,121.5349699
3740826725,725,好佳羊肉爐薑母鴨,restaurant,24.9601464,121.4021124
6269043210,601,聯禾咖啡,cafe,25.0000244,121.5479386
3323027136,593,壹咖啡,cafe,24.9917134,121.4252033
6720843991,514,Time Point,cafe,25.0231795,121.5248958
3846216587,650,My Home 早餐專賣店,restaurant,24.9824187,121.5633686
5542434075,543,Malaysia Restaurant,restaurant,25.0176669,121.9481439
471718722,514,肯德基,fast_food,25.0171555,121.5331507
7175344586,512,素食自助餐,restaurant,25.0202693,121.4964010
2168050362,593,陶板屋,restaurant,24.9911445,121.4230638
3292775606,510,燒肉天國日式炭火燒肉,restaurant,25.0173710,121.4636963
2592254782,555,大漠隱羊,restaurant,25.0124513,121.5072759
7194706749,366,胖女孩早午餐,restaurant,25.0781985,121.5899015
3430332177,554,池上木片便當,restaurant,25.0026342,121.4972904
4198193223,439,老店三鮮意麵,restaurant,25.0530709,121.5342941
3695581480,694,麥香早餐,restaurant,24.9678102,121.5419521
2177104710,366,火鍋世家,restaurant,25.0828034,121.5922003
3503443032,601,阿里郎韓式料理館銅盤烤肉,restaurant,24.9894656,121.5414122
4366039696,514,Ooh Cha Cha,restaurant,25.0250389,121.5234422
4731648667,33,興隆海產廳,restaurant,25.2475896,121.5084151
3188287387,650,貓茶町,restaurant,24.9856694,121.5676119
4973714947,398,鹹花生,cafe,25.0593232,121.5095461
5074887748,388,四海遊龍,restaurant,25.0667285,121.3647204
5790269329,470,Subway,fast_food,25.0319315,121.4330888
7194706878,444,幸福家食堂,restaurant,25.0539171,121.6171540
3076221612,515,紅牌牛肉麵,restaurant,25.0265884,121.5418892
2296283851,438,寄杯咖啡,cafe,25.0513417,121.5316085
3939158501,516,椰巍椰子雞鍋物,restaurant,25.0241320,121.5483547
4340637275,475,麻辣燙,restaurant,25.0317764,121.5182416
5556152821,474,凱達大飯店 百宴自助餐廳,restaurant,25.0333208,121.4996702
7004220051,363,大家樂魷魚羹,restaurant,25.0814971,121.5462863
5407132636,474,sushi,fast_food,25.0360310,121.5014413
3591717067,475,Mister Donuts西門門市,cafe,25.0421924,121.5083584
3341995478,640,麻糬紅豆餅,restaurant,24.9830918,121.4232105
4449757840,438,集客,restaurant,25.0514302,121.5215120
4329768668,287,八方雲集,restaurant,25.1093151,121.5195893
5205439025,287,健康素食,restaurant,25.1089348,121.5251234
4563703690,398,山東赤肉蒸餃,fast_food,25.0567492,121.5154934
7175334745,477,家鄉自助餐,restaurant,25.0342622,121.5386988
2419423341,593,三商巧福,restaurant,24.9914340,121.4232560
5938833862,514,Flügel Studio,cafe,25.0197711,121.5302425
2643718625,352,巧合珍牛肉麵,restaurant,25.0759046,121.3855314
6843900780,475,熱食部,restaurant,25.0313043,121.5127254
6697187509,515,千松谷,restaurant,25.0229651,121.5476006
4520740216,475,南山鐵板燒,restaurant,25.0319541,121.5151286
7211419074,480,辣極麻辣燙,restaurant,25.0381504,121.5793578
5915654985,941,荒郊野外土雞城,restaurant,24.8707648,121.4064691
7175344697,512,裕民素料店,restaurant,25.0181626,121.5005474
3687762589,476,家家客家菜,restaurant,25.0331665,121.5293748
6323106709,478,石膳日本料理,restaurant,25.0337882,121.5598023
4725677840,438,伊芙咖啡,cafe,25.0434360,121.5213368
3232586637,405,圓弘 精緻早午餐,restaurant,25.0677514,121.6123941
3503443013,601,天島咖啡,cafe,24.9939754,121.5413957
3463196820,598,雲顛雲南美食小館,restaurant,24.9944083,121.5029197
5997594189,515,曬貓咖啡,cafe,25.0263256,121.5416970
2203268859,734,純滷味,restaurant,24.9569056,121.5384135
3944646757,439,熊麻吉brunch,restaurant,25.0546229,121.5350613
2252197780,32,珍饌港式燒臘快餐,restaurant,25.2596589,121.5026522
5950294397,138,中山五十六,restaurant,25.1715433,121.4387579
5724983321,365,西湖瑞光食堂,restaurant,25.0810531,121.5681121
5871618053,359,麥當勞,fast_food,25.0791173,121.4817582
5839491741,477,橘毛涮涮鍋,restaurant,25.0387029,121.5461465
4198238511,438,亞比蛋糕咖啡,cafe,25.0513289,121.5308212
5552728608,442,春來蚵仔麵線,restaurant,25.0434775,121.5810267
4151303493,352,喬口褔臭臭鍋,restaurant,25.0796480,121.3848318
3881457562,437,八芳快炒,restaurant,25.0453109,121.5161529
3232570463,405,色杯子,cafe,25.0681459,121.6159691
5187736621,325,山木居酒屋,restaurant,25.0926006,121.5256116
7211425685,480,初飽滷大腸麵線甜不辣,restaurant,25.0380097,121.5780028
6579380119,514,路上撿到一隻貓,cafe,25.0213228,121.5331480
2244030051,439,電商咖啡,cafe,25.0521236,121.5400476
7175334780,441,口吅品麻辣臭豆腐,restaurant,25.0504915,121.5741193
4132771190,400,儂來餐廳,restaurant,25.0599609,121.5350392
7175344745,513,御饍饕客,restaurant,25.0256476,121.5045889
3145515544,648,FOX Coffee,cafe,24.9840097,121.5417809
4820442542,433,清心,restaurant,25.0448645,121.4528618
4149564845,514,大福利排骨大王,restaurant,25.0159650,121.5323004
6027015668,439,福生員,restaurant,25.0561344,121.5415258
4118443938,437,池上便當,restaurant,25.0445579,121.5142461
5746108484,403,小牛哥,restaurant,25.0686620,121.5860576
7368631788,397,肉多多火鍋,restaurant,25.0634124,121.5015065
4837986505,400,LULU,restaurant,25.0585370,121.5462706
3840857817,438,多畝田,restaurant,25.0554384,121.5303230
2908655527,139,勝博殿日式豬排,restaurant,25.1691469,121.4451998
3823837085,475,上禾便當,restaurant,25.0324956,121.5046431
2614385434,597,Starbucks,cafe,24.9984473,121.4874830
3473061894,552,上海銀鳳樓,restaurant,25.0073560,121.4597091
5151430122,326,loveling 夢屋,restaurant,25.0945621,121.5471135
6796276001,945,咖啡屋,cafe,24.8750868,121.4627410
4198238516,438,大龍蝦海鮮魚翅餐廳,restaurant,25.0513108,121.5302562
3323032694,601,三媽臭臭鍋,restaurant,24.9933439,121.5417507
3631525103,514,玄玄麵店,restaurant,25.0229074,121.5244472
5110489744,399,圓鼎鐵板燒,restaurant,25.0601577,121.5245622
4235796402,437,爭鮮,restaurant,25.0440924,121.5072292
5707055582,552,食為天餡餅粥麵食館,restaurant,25.0023872,121.4630689
6354698707,439,Momo Pardise,restaurant,25.0452175,121.5436283
4325693481,438,嵐迪義大利麵館,restaurant,25.0436354,121.5317583
5110490274,438,東北軒,restaurant,25.0547755,121.5281197
4838087633,437,三吉外賣,restaurant,25.0454282,121.5046564
4354676315,506,香社美食,restaurant,25.0184589,121.4065600
4524329098,514,中一蔬食園,restaurant,25.0177103,121.5324879
5564549092,455,黑糖割包,restaurant,25.0444267,121.7790735
3123501529,138,海風餐廳,restaurant,25.1695249,121.4427425
4293261319,698,邀月茶坊,restaurant,24.9673114,121.5965669
7004093441,437,Maiden Dinner夢幻餐車,restaurant,25.0499104,121.5118049
4447581390,211,洋城義大利餐廳,restaurant,25.1372307,121.4597941
7211425748,403,王爸食堂,restaurant,25.0638715,121.5801321
4085142317,595,鄧食味麵食館,restaurant,24.9963987,121.4516345
3959168677,762,滬苑小館,restaurant,24.9467710,121.3752008
3188359790,650,御神四季創藝懷石料理,restaurant,24.9877672,121.5647689
4347522008,507,蒔桐拉麵,restaurant,25.0197366,121.4205314
5286850715,602,一口壽司,restaurant,24.9986424,121.5581394
2572568042,437,阿宗麵線,restaurant,25.0433177,121.5076858
4789637122,304,分子冰琪淋,cafe,25.1100206,121.8454052
4837986537,478,悠遊盒子,restaurant,25.0311064,121.5521178
3820884963,214,粟家牛肉麵,restaurant,25.1370616,121.5042769
4969864579,507,泰泰好 泰式小館,restaurant,25.0258590,121.4240122
5280999825,321,星巴克,cafe,25.0873720,121.4712017
6115973013,287,私宅手作鍋料理,restaurant,25.1028802,121.5229214
3208671174,555,萬香台式烤鴨 永和店,restaurant,25.0074993,121.5170699
2956815333,137,翠園炭火燒肉,restaurant,25.1759789,121.4266403
6115943411,287,禮面作,restaurant,25.1031806,121.5237323
3257667336,593,Blue House,restaurant,24.9935938,121.4226175
4312746890,507,麥當勞,fast_food,25.0230627,121.4250135
663578253,514,85度C,cafe,25.0241644,121.5218220
2142306962,438,夏慕尼新香榭鐵板燒,restaurant,25.0552695,121.5223612
3837405846,640,大口堡早餐店,restaurant,24.9808065,121.4244083
7365964011,397,義軒刨冰,cafe,25.0673796,121.4983096
4325693910,438,李記,restaurant,25.0435088,121.5315904
6006831551,648,哆食樂韓式料理,restaurant,24.9869785,121.5478921
7175344535,211,永和豆漿,restaurant,25.1283196,121.4688683
2297829313,330,老又新,restaurant,25.0844717,121.5955606
5515517135,593,啡茶義式料理,restaurant,24.9917641,121.4252172
3725668855,515,Mr. Smile好吃雞排,fast_food,25.0254121,121.5431893
7175344502,512,萬大汕頭麵,restaurant,25.0204986,121.4960455
4825406703,388,星巴克,cafe,25.0579894,121.3659467
3200948719,475,藝文小客廳,cafe,25.0336176,121.5112431
4452637493,361,重慶豆漿,restaurant,25.0744729,121.5149385
7074468497,478,非常好咆,restaurant,25.0401374,121.5530282
4365915328,402,樂樂咖啡,cafe,25.0569743,121.5640208
3706805128,327,江記排骨飯,restaurant,25.0844927,121.5615235
5530240932,798,三角鄭記古早味豬血糕,fast_food,24.9328152,121.3693560
4397232213,399,四海遊龍,restaurant,25.0577273,121.5223241
5841545478,440,杏子豬排,restaurant,25.0519426,121.5483379
2357128243,602,僑緣平價越南美食,restaurant,24.9992587,121.5557783
7138715776,213,攤販,restaurant,25.1361874,121.4992566
4838106345,595,厚切牛排,restaurant,24.9955078,121.4513753
2618172317,353,林口拉麵大王,restaurant,25.0815195,121.3886291
2850324308,436,台南意麵,restaurant,25.0441677,121.5037472
2616981915,731,台北永和豆漿,restaurant,24.9541320,121.4944837
6370052772,138,七盎司牛排,restaurant,25.1742839,121.4414076
4837986366,477,乾杯,restaurant,25.0406149,121.5469549
7211425556,480,涵饌堂,restaurant,25.0357481,121.5777682
3661063906,249,1F－圓圓方方咖啡,cafe,25.1173173,121.5224197
6120912053,325,JSP呷上寶早餐店,restaurant,25.0921602,121.5186848
2784773045,551,開發,restaurant,25.0083314,121.4501376
3421835431,598,得味軒美食,restaurant,24.9974420,121.5002174
2787426162,478,李記雞排專賣店,restaurant,25.0404495,121.5506387
5537113223,72,雲南小棧,restaurant,25.2203689,121.6388436
5110348642,516,大佳麵館,restaurant,25.0234986,121.5538935
4384259021,648,海鮮鍋物,restaurant,24.9830759,121.5385954
3842796481,602,星巴客,cafe,24.9999063,121.5576498
5205433221,249,O2 Brunch,restaurant,25.1116864,121.5264572
6796875681,404,六丁目拉麵,restaurant,25.0670132,121.5996346
5564549021,444,歐傑洛義式餐廳,restaurant,25.0523470,121.6114866
2643752427,353,草魚粥,restaurant,25.0795079,121.3898614
5108706575,694,最便宜原汁牛肉麵,restaurant,24.9640221,121.5402050
7216987770,437,四十年歷史魷魚羹,restaurant,25.0553418,121.5109965
5109347803,514,奇瓦咖啡,cafe,25.0183973,121.5316855
3867798203,557,雲泰小鎮餐坊,restaurant,25.0138323,121.5346277
7216987769,437,海山便當,restaurant,25.0552992,121.5109938
2755478350,476,清海日式,restaurant,25.0394398,121.5234738
5285474836,602,KFC,fast_food,25.0008645,121.5549971
5236353924,287,真好吃串考,fast_food,25.1084163,121.5282470
7194706698,361,油飯,restaurant,25.0720011,121.5109610
6303563785,439,摩德年代,cafe,25.0509436,121.5336262
5564542416,444,魁拉麵,restaurant,25.0551321,121.6121417
5110348776,478,小林海產,restaurant,25.0339537,121.5571493
7368540623,397,翟家家常紅燒牛肉麵,restaurant,25.0665311,121.4984538
4426160295,507,85度C,restaurant,25.0196434,121.4235729
7394561853,405,張記小吃,restaurant,25.0698816,121.6149622
3649158228,476,老樹咖啡,cafe,25.0407358,121.5325067
5222847793,408,關山便當店,restaurant,25.0648092,121.6527553
5970357099,601,承德素食,restaurant,24.9962285,121.5448312
7194706936,482,女兒坊麵食館,restaurant,25.0417919,121.6179972
7211425511,442,黃媽媽水煎包,restaurant,25.0458272,121.5872211
6051875087,399,樂山娘札幌拉麵,restaurant,25.0594126,121.5233918
3347627772,640,大力士檳榔咖啡,restaurant,24.9812099,121.4195057
4524328172,515,西雅圖極品咖啡,cafe,25.0183722,121.5333523
6798208385,555,中田咖哩,restaurant,25.0121814,121.5142067
4669431702,516,Santal 29,cafe,25.0252841,121.5515293
4142892484,648,舊識西餐廳,restaurant,24.9831343,121.5406299
3956221810,325,看電車咖啡館,cafe,25.0920242,121.5263394
2676951373,640,錢升涮涮鍋,restaurant,24.9872427,121.4290735
3196909471,440,星巴克咖啡,cafe,25.0479790,121.5504392
7211425553,443,第一羊肉爐,restaurant,25.0556509,121.6066147
4496468441,548,派克脆皮雞排,fast_food,25.0043438,121.4133992
4007669200,556,韓江館韓國烤肉,restaurant,25.0156732,121.5319490
4231372856,438,古典玫瑰園-南京店,restaurant,25.0522526,121.5322094
6328739400,601,七彩東石蚵仔大腸麵線,restaurant,24.9983930,121.5478141
3416180948,598,81廚房,restaurant,25.0000713,121.4969021
3270665675,438,Le Gaulois穀樂,cafe,25.0561759,121.5195264
4837986345,515,瑞麟美而美,restaurant,25.0244045,121.5477996
7004093437,437,鼎記牛肉麵,restaurant,25.0496958,121.5122836
4524318932,601,洞之家,restaurant,24.9904293,121.5423227
6682287300,437,Pandaland Sweet Café,cafe,25.0511105,121.5156892
2912266701,139,巡香園台菜海鮮,restaurant,25.1692314,121.4466229
2616947943,732,85度C咖啡蛋糕,cafe,24.9589617,121.5086243
5707055581,552,鍋賣局百元小火鍋-板橋忠孝店,restaurant,25.0023861,121.4631390
6579380103,514,Vegluu,fast_food,25.0236685,121.5239099
5564549024,444,早安美芝城,restaurant,25.0532187,121.6153839
2925737303,139,梅香雞,fast_food,25.1688284,121.4456599
7175344524,366,五花馬水餃館,restaurant,25.0782841,121.5842827
3008378779,139,成都川菜小館,restaurant,25.1728623,121.4467877
4524863558,478,DAZY Cafe,cafe,25.0328189,121.5535218
4253208209,556,南城泰國雲南緬甸料理,restaurant,25.0150997,121.5323744
4147389960,552,清心福全,cafe,25.0120029,121.4696522
5110490281,399,台北儂來會館,restaurant,25.0578036,121.5306338
4837986451,478,小川安和店,restaurant,25.0336804,121.5527272
3665505025,476,丹堤咖啡,cafe,25.0309816,121.5294491
569950080,517,various,restaurant,25.0258250,121.5690263
2608107674,438,香菇肉羹,restaurant,25.0535241,121.5190203
4107045990,515,原川火鍋,restaurant,25.0255636,121.5455354
5110488942,439,福海鮮,restaurant,25.0532960,121.5351203
5285474852,602,烤肉串店,restaurant,25.0007305,121.5553434
5814886529,507,八方雲集,restaurant,25.0239979,121.4259683
4200643110,558,呷尚寶,restaurant,25.0035000,121.5503645
4933588722,402,那良麵,restaurant,25.0610715,121.5644538
3938941046,556,料理王健康素食自助餐,restaurant,25.0148495,121.5317965
5166704821,439,馬辣麻辣鴛鴦鍋,restaurant,25.0520230,121.5458974
3711361604,478,Pond Burger Cafe,restaurant,25.0322086,121.5589151
6284503800,478,詹字号麵食館,restaurant,25.0305438,121.5607911
4239569089,477,杏子豬排,restaurant,25.0412188,121.5463557
3457851839,598,活力蕃茄,fast_food,24.9967695,121.4994701
2965449233,138,La Villa,restaurant,25.1748613,121.4313451
5867101926,514,Sugar Man Cafe,cafe,25.0272282,121.5256298
7175344675,187,富園海鮮樓,restaurant,25.1381392,121.4920423
4145118728,643,麥當勞,fast_food,24.9866380,121.4659653
7175344700,218,大榕樹土雞莊,restaurant,25.1289891,121.5748273
7211425798,403,八方雲集,restaurant,25.0686966,121.5854653
4442099189,438,街角咖啡,cafe,25.0438804,121.5320863
3104135080,439,麻辣鍋清香鍋,restaurant,25.0542894,121.5342689
4836631377,514,凱民泰式小飯館,restaurant,25.0214252,121.5279933
6028851340,438,宮崎懷石創意料亭,restaurant,25.0496181,121.5217627
5236197426,287,天母臭臭鍋,restaurant,25.1070842,121.5263042
3859963947,190,雅加達早餐店,restaurant,25.1378855,121.5423605
3304641862,440,橋頭麻辣鍋,restaurant,25.0437388,121.5492710
2941376112,138,金品潤餅捲,fast_food,25.1696788,121.4412667
5883211385,398,青蛙下,fast_food,25.0566840,121.5152149
2632691837,478,紅洋蔥牛排,restaurant,25.0426203,121.5567265
3944645630,477,再香聚,restaurant,25.0402409,121.5348965
7194706836,362,江記麵線,restaurant,25.0701962,121.5225497
3278448288,640,八方雲集,restaurant,24.9800961,121.4165119
4524863873,400,88家常菜,restaurant,25.0571104,121.5454776
7226694685,216,星巴克,cafe,25.1375263,121.5437099
4533443390,398,手工蛋餅,restaurant,25.0659501,121.5169634
5110489015,475,種福園,restaurant,25.0419062,121.5138887
7175334732,513,黃家香腸,restaurant,25.0258831,121.5135003
6279619785,477,忠南飯館,fast_food,25.0375694,121.5389694
4524863701,602,溫州大餛飩,restaurant,24.9991355,121.5574130
3403853966,72,金包里鴨肉點麵、湯、其他菜色,restaurant,25.2218862,121.6383036
5119419370,432,霸味薑母鴨,restaurant,25.0435807,121.4440511
4205229678,439,福德涼麵,restaurant,25.0560080,121.5410492
1413143360,510,海生樓活海產,restaurant,25.0277486,121.4728936
2926240045,437,星巴克,cafe,25.0452080,121.5055625
3824673481,399,吉林鐵板燒,restaurant,25.0591790,121.5303872
6099308597,479,二代福林福州乾拌麵,restaurant,25.0419991,121.5629432
2567485435,593,錢昇涮涮鍋,restaurant,24.9900906,121.4224776
3245728373,510,85度C,restaurant,25.0196057,121.4659387
2198983755,366,默克禮創作工坊,cafe,25.0786778,121.5916179
4298940672,478,劉震川日韓大食館,restaurant,25.0399224,121.5551713
6881124395,440,品冠客家小館,restaurant,25.0526659,121.5578352
6116222887,287,淡水台G店,restaurant,25.1025110,121.5229168
7213811087,479,WILDWOOD,restaurant,25.0367073,121.5666832
4152025089,551,泰味廚房,restaurant,25.0048198,121.4578453
3550647797,439,路易沙,cafe,25.0517556,121.5357438
4452616505,438,滿樂門,restaurant,25.0497765,121.5213301
4108947175,514,日本料理平山家,restaurant,25.0168107,121.5328290
7211425523,442,萬華陳記腸蚵麵線,restaurant,25.0459863,121.5853574
7175334758,405,東湖佳佳牛排館,restaurant,25.0691623,121.6169212
3724691147,180,Nu Pasta,restaurant,25.1464371,121.3976497
2299035014,367,康寧雞腿達人,restaurant,25.0805588,121.5934861
7138715827,216,阿國炒羊肉,restaurant,25.1360138,121.5459982
3065313420,648,永和豆漿新店中正店,restaurant,24.9752739,121.5363367
3708200050,597,顧巴肚紅油炒手,restaurant,25.0010271,121.4836756
4927807321,437,TGI Fridays,restaurant,25.0447281,121.5063156
4334971641,475,老宜記,restaurant,25.0316470,121.5180436
4740874685,367,博多拉麵,restaurant,25.0740507,121.6056698
7211425627,403,青柚精緻料理,restaurant,25.0649070,121.5828254
3704216227,438,齊芯蔬食坊,restaurant,25.0535636,121.5320563
3186011777,439,CoCo壹番屋,restaurant,25.0520103,121.5448690
7008824587,304,護理長的店滷味,fast_food,25.1080941,121.8433276
5551835424,477,彼得好咖啡,cafe,25.0331980,121.5421010
6161253533,470,靴子義大利餐館,restaurant,25.0320397,121.4329721
2529318116,649,123黑白切,restaurant,24.9876432,121.5520104
3464721398,598,南華鵝肉切仔麵,restaurant,24.9960235,121.5028922
3008812245,557,拉芙漢堡,restaurant,25.0120446,121.5357802
4298897608,439,好口味便當,restaurant,25.0533385,121.5343807
3849103544,248,長疆碳燒羊肉爐,restaurant,25.1198868,121.5097806
1837922316,328,古早味土雞城,restaurant,25.0845907,121.5673150
5344586023,595,南雅平價麵,restaurant,25.0020462,121.4557794
6460228887,473,太和豆漿,cafe,25.0328133,121.4796030
5259659138,439,天星港式飲茶,restaurant,25.0520186,121.5455476
4120113248,139,滷獲至飽,restaurant,25.1771211,121.4515265
6027045904,439,原味屋,restaurant,25.0550944,121.5393497
3341995474,640,麥味登精緻早餐樹中店,restaurant,24.9829534,121.4229460
7213007941,515,黑川日本料理,restaurant,25.0263683,121.5394514
4440636290,437,劉芋仔蛋黄芋餅,cafe,25.0557605,121.5152544
6188996225,397,SUBWAY,restaurant,25.0652307,121.5022364
1766418756,364,T.G.I. Fridays,restaurant,25.0835494,121.5575084
1720016589,364,Barista,cafe,25.0800647,121.5501949
5839491743,477,EPL Steakhouse & Lounge,restaurant,25.0382952,121.5462100
4302072913,408,八方雲集,restaurant,25.0654669,121.6533914
2142308465,439,炸醬麵大王,restaurant,25.0441480,121.5362535
5201862034,325,傷心酸辣粉,restaurant,25.0948446,121.5255300
3326707139,555,星巴克咖啡,cafe,25.0072968,121.5069036
5871618054,359,Starbucks,cafe,25.0790495,121.4820747
2643718621,352,京品牛麵館,restaurant,25.0760776,121.3858395
7170215712,398,麻辣鹽水雞健康蔬菜,restaurant,25.0639994,121.5112839
4846801491,596,漁城,restaurant,24.9960948,121.4623600
6130576141,555,彼得好咖啡,cafe,25.0104569,121.5144668
3939158489,514,素食天地,restaurant,25.0262769,121.5296578
4520792491,514,頂呱呱,restaurant,25.0286283,121.5192838
2642374345,443,赤坎牛肉,restaurant,25.0541600,121.5925712
3417501607,598,卡好呷中西複合早餐,fast_food,24.9957702,121.4980272
7170215595,402,八坂丼屋,restaurant,25.0627476,121.5758644
3983560633,554,品香冰品美食,restaurant,25.0059943,121.5013672
5506989795,298,大方碳烤三明治,restaurant,25.0989859,121.7555969
7023985567,557,尋常生活,restaurant,25.0057247,121.5374029
3953673672,440,5味臭臭鍋,restaurant,25.0528937,121.5608103
7175344517,477,弍兩日式炭火燒肉,restaurant,25.0351135,121.5373911
2352217585,734,新巴黎麻辣滷味,restaurant,24.9553367,121.5388149
6761545065,555,85度C,cafe,25.0039551,121.5146430
6415386155,365,石上清湶,cafe,25.0806561,121.5740643
2084825231,438,Deja Vu,restaurant,25.0445674,121.5295668
4887786622,517,渣男Taiwan Bistro,restaurant,25.0269681,121.5689044
4836631380,514,大埔鐵板燒,restaurant,25.0244622,121.5282222
5839980067,516,Subway,fast_food,25.0252986,121.5483716
5110242804,476,龍鳳越南美食,restaurant,25.0300307,121.5294845
5110489257,361,摩斯漢堡,fast_food,25.0721239,121.5140297
3440558896,640,正宗羊肉焿,restaurant,24.9791337,121.4187817
3008120133,139,九嬸婆古早味,restaurant,25.1771710,121.4485589
5248408521,325,肉圓四神湯,restaurant,25.0970426,121.5223406
7175344539,249,聚餐光雕廚房,restaurant,25.1226396,121.5246284
5564549033,444,丈母娘(阿員の)咖哩飯,restaurant,25.0551462,121.6130960
4424407822,360,哈拉里咖啡,cafe,25.0714971,121.4933012
4642434690,187,豆咖啡,cafe,25.1406583,121.4895156
4226190590,406,老山東牛肉家常麵,restaurant,25.0687060,121.6332925
6127553956,593,大阪王将,restaurant,24.9954091,121.4281901
5236315623,287,澎湖海鮮,restaurant,25.1079536,121.5284780
3514374816,479,川味牛肉麵,restaurant,25.0377501,121.5744821
3904251381,599,大板城,restaurant,24.9970887,121.5112432
3892819128,437,福勝亭,restaurant,25.0454387,121.5158108
7170215720,398,寶神涮涮鍋,restaurant,25.0652385,121.5111655
3196909469,440,摩斯漢堡八德店,fast_food,25.0482396,121.5544243
4838087690,438,川畝園麵食館,restaurant,25.0535894,121.5188995
6024333538,602,三福鵝肉店,restaurant,25.0012455,121.5539828
3706808625,327,打貓鵝肉亭,restaurant,25.0846895,121.5611934
3337457989,639,六點一刻早餐店,restaurant,24.9821314,121.4152699
6310595840,597,川頁居酒屋,restaurant,24.9986646,121.4849434
3379237106,479,花月嵐,restaurant,25.0351442,121.5670338
7194706964,603,蘭亭池上便當,restaurant,24.9898346,121.5736397
5251477699,399,家鄉味水餃,restaurant,25.0598910,121.5220342
4384257985,648,大眾黑白切,restaurant,24.9865730,121.5414164
5110348630,516,大吉漢堡食堂,restaurant,25.0231343,121.5555570
5222759621,287,老先覺麻辣窯燒鍋,restaurant,25.1042389,121.5211012
4328118605,477,總督牛排,restaurant,25.0412660,121.5465610
5585946781,442,食香海鮮拉麵,restaurant,25.0446920,121.5780052
3835277357,398,孔雀歐亞料理餐酒館,restaurant,25.0592421,121.5096670
4496468481,548,茶鴨店,restaurant,25.0042727,121.4134223
7282087085,437,王子起士馬鈴薯,fast_food,25.0437479,121.5068064
4062824290,138,滬尾街商號,restaurant,25.1695257,121.4425692
6444386685,365,來佳海南雞,restaurant,25.0826698,121.5658626
3224928306,515,形咖啡,cafe,25.0246019,121.5443259
3834063057,516,akuma caca,cafe,25.0218883,121.5481985
3812614657,648,白甘蔗養生涮涮屋,restaurant,24.9827722,121.5427648
7194693229,364,朱家臭豆腐,restaurant,25.0797934,121.5566937
2421453621,514,麥當勞,fast_food,25.0274447,121.5223939
3997747581,96,正古早甕缸雞,restaurant,25.1931307,121.4461895
5814956523,511,星亮屋早餐坊,restaurant,25.0198751,121.4746743
5110488947,439,蜜思提克咖啡,cafe,25.0515042,121.5374388
4483316491,325,大仕林火鍋,restaurant,25.0874519,121.5258108
7211425716,480,北港小吃,restaurant,25.0377267,121.5777807
3685930113,352,鮮天下,restaurant,25.0799122,121.3842019
3835335002,649,獨當一麵,restaurant,24.9803489,121.5551457
3292774949,510,辣九天麻辣火鍋,restaurant,25.0186449,121.4651565
4384259022,214,爭鮮迴轉壽司,restaurant,25.1370786,121.5043976
7225007785,440,OFNA Coffee,cafe,25.0508428,121.5600228
5513030394,511,潮味決板橋雙十店,restaurant,25.0283427,121.4743625
3528427298,439,泰滾泰式火鍋,restaurant,25.0517402,121.5351462
5661163220,555,大埔鐵板燒,restaurant,25.0099518,121.5163690
2450658709,478,正宗老鄧牛肉麵,restaurant,25.0420597,121.5551376
5906009740,388,最便宜美食坊,restaurant,25.0689235,121.3658166
4524863619,439,Kiki餐廳,restaurant,25.0465352,121.5436089
2804449469,440,有哆創意蔬食洋食館,restaurant,25.0518432,121.5583781
4837986539,478,阿萬漁家料理,restaurant,25.0321466,121.5521706
7194706881,325,小鴨藥膳加熱滷味,restaurant,25.0932824,121.5273171
4584815689,327,晴天小店,restaurant,25.0853869,121.5599215
3867798202,556,金雞園,restaurant,25.0156412,121.5326026
6530575386,642,布朗沃義大利餐廳,restaurant,24.9862758,121.4538114
3232491135,367,竹林樓餐館,restaurant,25.0721065,121.6060324
2536051711,476,生態綠咖啡,cafe,25.0402094,121.5261034
6120708431,325,日式攤日本料理,restaurant,25.0948990,121.5253312
7022030523,516,樂利飯包,restaurant,25.0282391,121.5509534
6189796081,799,永和豆漿,restaurant,24.9282313,121.3766784
2230023838,514,麵工坊義大利麵,restaurant,25.0164825,121.5321088
5174354421,326,爆料雞排,fast_food,25.0956643,121.5439736
3154666302,601,季滿屋日本料理,restaurant,24.9950739,121.5450739
4269582578,439,美味廚,restaurant,25.0505937,121.5432726
4873265137,437,西門1969音樂餐廳,restaurant,25.0430021,121.5044401
3622831225,511,摩斯漢堡,fast_food,25.0162773,121.4760888
3104850185,650,紅牛屋,restaurant,24.9877206,121.5653161
3867798201,557,威宇牛排,restaurant,25.0129324,121.5351294
7169581008,440,鼎太郎今川燒,restaurant,25.0512649,121.5495754
3343597146,472,滿燒肉丼食堂,restaurant,25.0295110,121.4731399
3232586640,405,鄉村鍋 HOTOWN KITCHEN,restaurant,25.0678764,121.6125189
3846209743,650,卓越車輪餅,restaurant,24.9828821,121.5668455
2923648826,439,漢堡王,fast_food,25.0546742,121.5343976
7194706948,366,轉角串燒海鮮燒烤,restaurant,25.0795222,121.5828786
5211489721,249,三義傳統麵食,restaurant,25.1119480,121.5271590
6323106729,479,北緯二十五,restaurant,25.0377997,121.5681705
3812406117,601,熊膳堂,restaurant,24.9954253,121.5460751
4524863825,363,山西刀削麵,restaurant,25.0805761,121.5479519
5242481086,351,西西里義大利海鮮料理,restaurant,25.0723894,121.3657650
7153752175,478,PS TAPAS,restaurant,25.0385178,121.5565042
3867794086,439,露易 沙咖啡,cafe,25.0536689,121.5335033
7211425830,479,29號中西複合式早餐,restaurant,25.0346065,121.5758291
3440912987,598,三商巧福,restaurant,25.0021687,121.4997593
5215687091,741,明緣小棧,restaurant,24.9518492,121.6462456
5999686171,761,嘿咖啡 Hey coffee,cafe,24.9446832,121.3707848
4193319789,439,瞞著爹 食堂,restaurant,25.0470057,121.5460683
6944318967,693,IKEA餐廳,restaurant,24.9718632,121.5312510
2563901893,648,暹邏皇朝,restaurant,24.9834119,121.5365032
4360850489,515,illy coffee L'angolo,cafe,25.0217224,121.5403318
7125458203,437,吉屯屋,restaurant,25.0446926,121.5156723
3914416041,555,老牛嫩仙草,cafe,25.0081362,121.5119205
3503443015,514,核果子工坊,cafe,25.0191047,121.5332727
4808686421,440,李李豆行,cafe,25.0517432,121.5589739
3188302646,650,沒有招牌的炒飯店,restaurant,24.9874437,121.5686494
3707814386,762,奧斯汀Cafe Austin,restaurant,24.9463335,121.3773307
4489678291,139,迦南中庭餐廳,restaurant,25.1767793,121.4501781
6763209769,478,烤肉工廠,restaurant,25.0397900,121.5532279
5236222924,287,匠滷,restaurant,25.1078823,121.5291999
6987688026,649,鴨肉飯麵水餃便當,restaurant,24.9839623,121.5617131
3232596394,405,大呼過癮臭臭鍋,restaurant,25.0689065,121.6137809
4426151023,507,美の堡,restaurant,25.0228000,121.4266185
3835345494,649,舒咖啡,restaurant,24.9824755,121.5625520
6969436656,694,惠築經濟美食,restaurant,24.9679663,121.5408334
6329936485,478,Kamekona Hawaii鐵板燒,restaurant,25.0319673,121.5526189
6474530801,439,爭鮮,restaurant,25.0517104,121.5348615
5108743110,601,巷子味,restaurant,24.9997127,121.5390744
7394554100,405,麻油豬肝麵線,restaurant,25.0691405,121.6149134
7004097327,437,魔法咖哩,restaurant,25.0454600,121.5158227
3881540630,437,Two Peck Crispy Chicken,restaurant,25.0452309,121.5160440
3343597142,472,定食8,restaurant,25.0298914,121.4726004
7213007956,515,路易沙,cafe,25.0219000,121.5427646
5797592080,363,喜藥製麵,restaurant,25.0830069,121.5475872
3921851730,640,坡哥麵線臭豆腐,restaurant,24.9826655,121.4232135
7194706850,362,Cheese 烘焙,restaurant,25.0742028,121.5185952
4147356108,511,85度C,cafe,25.0173245,121.4790789
4324664675,514,廣成港式燒臘,restaurant,25.0291299,121.5220557
5863510958,601,遏留小館,cafe,24.9980271,121.5408112
5699174887,477,光復牛肉麵,restaurant,25.0329091,121.5446104
2926975706,138,呂家小籠包,fast_food,25.1704794,121.4439688
3233059785,514,米克諾斯,restaurant,25.0245050,121.5297219
2722700428,552,小蒙牛頂級麻辣養生鍋(板橋店),restaurant,25.0157078,121.4624159
3999360286,601,健康美食素館,restaurant,24.9957648,121.5413697
7211425666,374,阿秋越南小吃,restaurant,25.0817037,121.6974683
2625503721,363,泉和豆漿,restaurant,25.0796756,121.5456034
4820442010,471,驊珍,restaurant,25.0419883,121.4449966
7130802033,401,鄉間小路,restaurant,25.0582188,121.5505891
3846399508,439,路易.沙咖啡,cafe,25.0528584,121.5349725
7175344736,477,麥味登,restaurant,25.0298230,121.5459028
3929979152,216,華榮中西式早午餐店,restaurant,25.1371524,121.5414503
2947936644,399,金芝園,restaurant,25.0667481,121.5263696
2939314768,399,京其,cafe,25.0573911,121.5318217
3341995472,640,中式早餐,restaurant,24.9827982,121.4226453
5713858209,187,小張的滷味,restaurant,25.1410349,121.4996112
3151322023,433,珍味美美早餐店,restaurant,25.0452406,121.4493570
4123034913,437,頂呱呱,fast_food,25.0450782,121.5146369
6180492014,599,金正好吃大腸麵線/宜安店,restaurant,24.9972885,121.5112354
3837332665,640,咕咕雞香雞排,restaurant,24.9827427,121.4233302
3662858740,161,大家的早餐店,restaurant,25.1623614,121.4527500
5201210224,249,官野溫菜石頭火鍋,restaurant,25.1109958,121.5304549
5286853822,602,萬芳串烤屋,restaurant,24.9982892,121.5584660
7211425700,374,早安美芝城,restaurant,25.0808928,121.6962307
4099868641,687,貴族世家牛排-土城中央店,restaurant,24.9677729,121.4377716
4149564873,556,蔗果站,cafe,25.0152118,121.5325501
3424895598,598,拉雅漢堡,fast_food,25.0017696,121.4978734
3473215593,439,濟州豆腐鍋之家伊通店,restaurant,25.0526759,121.5346991
2734137833,555,素食,restaurant,25.0037099,121.5056747
5151659769,388,客家麵食館,restaurant,25.0587126,121.3681239
4307554210,248,丹提咖啡,cafe,25.1153229,121.5154973
6189317568,360,八方雲集,restaurant,25.0730002,121.4893748
4298891113,650,小貓咪早餐,restaurant,24.9879818,121.5758453
5255066122,287,一品巧廚,restaurant,25.1066161,121.5255348
5845945885,399,Karen's café,cafe,25.0567463,121.5238061
4891058559,474,四方阿九魯肉飯,restaurant,25.0367874,121.4988316
4524325710,542,E.S coffee,cafe,25.0167587,121.9454470
2962450953,366,素食之家,restaurant,25.0771464,121.5779163
3701535079,557,酷必五星級牛排飯,restaurant,25.0122733,121.5353205
5593466621,287,瑞音坊,restaurant,25.0976428,121.5276379
4571256563,139,愛炒飯,restaurant,25.1770951,121.4511372
2912531601,139,高松日式屋,restaurant,25.1735466,121.4523464
6284503801,478,集川辣麵館,restaurant,25.0305201,121.5606740
3981536781,365,1010湘,restaurant,25.0820732,121.5659289
3104135083,439,揟一下便當,restaurant,25.0526163,121.5341888
6120711168,325,川舖子28號私房麵,restaurant,25.0948042,121.5253514
3445180293,601,鶯歌阿婆壽司,restaurant,24.9934206,121.5407513
4160338753,547,青龍山土雞餐聽,restaurant,25.0035773,121.3954754
3162391180,599,Starbucks,cafe,24.9897509,121.5100992
4410698770,508,月明薑母鴨,restaurant,25.0284022,121.4350031
3714789192,479,123小吃,restaurant,25.0403183,121.5718336
6085764971,507,台中肉圓,restaurant,25.0290217,121.4205783
7194706786,482,味味香土雞城,restaurant,25.0342650,121.6166831
3664309155,139,一品園便當快餐,restaurant,25.1704835,121.4461902
3944645353,476,三鮮食堂,restaurant,25.0406799,121.5316667
7365964039,397,四方阿九滷肉飯,restaurant,25.0656622,121.4970015
4524864566,515,8鍋臭臭鍋,restaurant,25.0253315,121.5384389
4524863588,477,溫州大餛飩,restaurant,25.0357646,121.5439176
3270313862,476,豪記魯肉飯,restaurant,25.0319843,121.5295523
3182093768,601,168鐵板燒,restaurant,24.9898558,121.5411895
6499848173,555,Little Italy Café,cafe,25.0084599,121.5113455
5564549097,455,十分姊妹快炒,restaurant,25.0433049,121.7773588
5564549076,298,玉春飲食館,restaurant,25.1020413,121.7622624
5110348749,441,福美蔬食自助餐,restaurant,25.0515894,121.5652998
3711361601,478,小胖胖,restaurant,25.0320754,121.5577807
7194693263,601,漢堡大師,restaurant,25.0020034,121.5376281
3908149173,438,Sari Rasa印尼餐廳,restaurant,25.0470523,121.5193209
4293261202,651,大汗麻辣鴨血臭豆腐,restaurant,24.9874481,121.5775690
3881457565,437,日式壽喜丼飯,restaurant,25.0452548,121.5161546
7175334752,513,小華日本料理,restaurant,25.0274641,121.5103630
3541454272,762,Q娃之滷 北大直營店,restaurant,24.9449514,121.3761332
5635182383,388,源士林長庚店,restaurant,25.0596277,121.3690067
3450729733,598,老牛仔牛肉麵,restaurant,25.0012101,121.4993934
4298897638,437,築地市場生魚片蓋飯,restaurant,25.0448872,121.5133425
5109350522,556,魯肉飯香,restaurant,25.0155400,121.5323360
7175344509,512,富林漢堡,restaurant,25.0200238,121.4968628
5336385006,388,福星小吃,restaurant,25.0601283,121.3622676
5761781513,517,R & J Cafe,cafe,25.0283015,121.5689934
5109347801,514,123 Bon,cafe,25.0183802,121.5316850
5502990932,507,洪抄手川味小館,restaurant,25.0205985,121.4178468
3767530273,601,景美鐵板燒,restaurant,24.9897289,121.5410579
3408982352,734,長九鐵板料理,restaurant,24.9606037,121.5388820
3685275305,438,韓味館,restaurant,25.0546838,121.5317858
4430885489,325,和茗甘味处,cafe,25.0953652,121.5268041
7211425485,374,福二街廣東粥,restaurant,25.0815040,121.6961285
2879729039,304,芋仔番薯茶坊,restaurant,25.1086667,121.8437667
2148975718,327,勝博殿,restaurant,25.0837165,121.5554530
4676021404,593,珍香素食,restaurant,25.0003548,121.4159012
4362305055,475,阿吉,restaurant,25.0314430,121.5179196
5884543611,477,鼎旺鴛蛇麻辣鍋,restaurant,25.0336271,121.5460825
2460626615,439,海派上海小吃,restaurant,25.0535581,121.5434242
6155329945,470,愛玉早餐店,restaurant,25.0340110,121.4308817
2456412703,439,丹堤咖啡,cafe,25.0473022,121.5422783
5913204192,720,厚道飲食店,restaurant,24.9519592,121.3365831
2135624530,438,摩斯漢堡,fast_food,25.0515344,121.5251366
4142809429,648,禾廬雅廚館,restaurant,24.9809646,121.5445804
4236823706,514,伊洛瓦底雲泰餐館,restaurant,25.0232839,121.5292737
3053046423,479,豆工房咖啡,cafe,25.0412857,121.5652693
3465414841,599,金門粥品,restaurant,24.9973734,121.5051010
7194707006,650,廣東粥，麵線,restaurant,24.9874412,121.5770696
7211425605,442,星旺豆漿店,restaurant,25.0471502,121.5887264
3497497483,555,咖哩王子,restaurant,25.0085864,121.5110948
3465503380,598,火鍋世家,restaurant,24.9954981,121.5024689
4838087713,437,美濃現做刀切牛肉麵館,restaurant,25.0526473,121.5086896
6096094697,325,越雲越南創意料理,restaurant,25.0885305,121.5211749
7211425733,479,外星人小舖-啊賀現做捲餅舖,restaurant,25.0375617,121.5772440
4407844285,399,阿財魚赤肉羹,restaurant,25.0666606,121.5305575
3837332672,640,小叮噹忠孝店,restaurant,24.9818014,121.4239440
6137457488,439,Aud champs sur Marne,restaurant,25.0561703,121.5457588
7175344753,366,拉亞漢堡,restaurant,25.0786370,121.5837161
4836631393,514,清真銳記國際牛肉麵,restaurant,25.0267718,121.5234282
4662941089,478,Macho Tacos,restaurant,25.0403720,121.5544085
5189756726,249,蒜香廚房,restaurant,25.1205788,121.5266983
4834803856,557,莫凡彼咖啡館,restaurant,25.0130646,121.5365532
3415880873,598,美而美,fast_food,24.9986153,121.4992157
2912366401,138,北墾丁啤酒屋,restaurant,25.1710122,121.4378001
3765545608,556,馬辣頂級麻辣鴛鴦火鍋,restaurant,25.0147141,121.5326113
5207842221,287,羅記雞肉飯魯肉飯,restaurant,25.1064200,121.5320609
4796089121,478,Loving Hut,restaurant,25.0398786,121.5562170
4306007787,640,大師漢堡,restaurant,24.9797145,121.4190383
7037337598,476,61-HealthAider,restaurant,25.0353777,121.5251447
5000913622,640,來來豆漿店,restaurant,24.9767463,121.4184968
5564542401,444,西螺飯包,restaurant,25.0547494,121.6100107
5667002227,399,學餐:日韓料理&炸物,restaurant,25.0664753,121.5219696
4812712622,213,85度C,cafe,25.1348054,121.4997014
4492725203,557,幸好沒錯過你,restaurant,25.0140891,121.5342981
3629305730,603,紋鳴號,cafe,25.0021168,121.5677388
7211425560,403,做伙來熱炒,restaurant,25.0663786,121.5903214
5860379499,516,福得早餐坊,fast_food,25.0186953,121.5505631
5110348649,478,君悅排骨,restaurant,25.0427559,121.5484435
3732225207,213,北投黑金魚咖啡館,cafe,25.1326989,121.4986964
7004093429,437,鯛魚燒,restaurant,25.0497609,121.5127508
4524863722,478,雅苑港式點心,restaurant,25.0419010,121.5574607
3835330021,649,料理奇雞,restaurant,24.9840188,121.5593620
7235632173,437,洪十一擔仔麵,restaurant,25.0476046,121.5165529
2784820894,551,和子鍋燒,restaurant,25.0078383,121.4502515
7342353321,506,大眾素味,fast_food,25.0173104,121.4095032
5699174879,477,Munchies Gastropub,restaurant,25.0296803,121.5425527
4033134263,734,龐丘,cafe,24.9566474,121.5341865
1924425158,478,N.Y. Bagels Cafe,restaurant,25.0380890,121.5517045
5804485931,597,樂活健康鍋,restaurant,24.9963391,121.4884458
4669786400,516,牛口水咖啡輕食餐廳,restaurant,25.0281040,121.5547365
2083458283,482,摩斯漢堡,fast_food,25.0407318,121.6129795
5826795999,389,厚切牛排,restaurant,25.0578190,121.3730462
3232538079,368,早安美芝城,restaurant,25.0711019,121.6078245
4123034907,437,好味港式燒臘,restaurant,25.0455630,121.5142574
4828232924,138,光子豆豆,cafe,25.1717590,121.4384588
6245967436,467,敘事咖啡,cafe,25.0393489,121.3906963
6024211758,648,帝王食補 中興店,restaurant,24.9868038,121.5418404
3722681651,515,食為先餐坊,restaurant,25.0273032,121.5401276
6074052451,325,台灣蔬食廚房,restaurant,25.0897194,121.5232873
2771771225,552,CASA DELLA PASTA,restaurant,25.0107468,121.4635787
4325694182,514,大享食,restaurant,25.0159168,121.5312186
7004220035,363,龍記,restaurant,25.0819414,121.5462928
2034846820,514,Hedge Cafe對沖咖啡,cafe,25.0194251,121.5319285
2628972337,601,芭樂刁店生猛海鮮,restaurant,24.9896991,121.5423541
5418052526,517,塔吉特信義人文館,cafe,25.0277334,121.5666953
7211425770,442,山東大滷麵,restaurant,25.0455231,121.5862700
2292591817,692,阿昌意麵,restaurant,24.9746115,121.5182734
4605063398,216,美軍俱樂部美式餐廳,restaurant,25.1352363,121.5432685
4200642667,558,味而美,restaurant,25.0034732,121.5501718
3860789107,593,老街滷味,restaurant,24.9909412,121.4236858
3659915858,139,胖達關東煮,restaurant,25.1778467,121.4507756
4574573814,516,麥味登,restaurant,25.0227691,121.5552635
2917441620,515,泰山包子,restaurant,25.0217757,121.5432024
3830582056,514,承泰海鮮麵,restaurant,25.0197767,121.5321640
3846401364,439,小英北越河粉,restaurant,25.0526380,121.5353720
4464905693,480,兄弟鹽酥雞,fast_food,25.0383226,121.5792823
4298897606,437,四海游龍,restaurant,25.0450248,121.5126442
7037337592,476,東門鴨莊,restaurant,25.0347222,121.5271228
3196909458,440,cama 現烘咖啡專門店,cafe,25.0479588,121.5561780
4298940666,478,The Chips,restaurant,25.0397077,121.5557274
6604982545,721,好喫 Brunch House,restaurant,24.9560386,121.3450061
2352217578,734,冷氣行,restaurant,24.9542610,121.5398476
7002886730,437,正香,restaurant,25.0459837,121.5151789
7194706799,366,圓味涮涮鍋,restaurant,25.0788050,121.5850231
7175334734,442,弘爺漢堡,restaurant,25.0467782,121.5780153
3347627765,640,四海豆漿大王,restaurant,24.9808439,121.4187721
6188996221,397,金島甜不辣,restaurant,25.0653924,121.5019617
7004220045,363,海南雞飯,restaurant,25.0806578,121.5466565
6884086960,475,九日咖啡,cafe,25.0379462,121.5066289
4236823693,514,FT CafexShop,cafe,25.0289971,121.5282399
7175334763,211,江浙小館,restaurant,25.1282381,121.4687962
2595452288,472,生猛活海鮮,restaurant,25.0315640,121.4655613
5599657114,438,大戸屋,restaurant,25.0547998,121.5257558
4364193646,604,大貓熊咖啡輕食館,restaurant,24.9972671,121.5833270
3446212653,478,馬友友印度廚房,restaurant,25.0369951,121.5616246
6844572228,514,找咖,cafe,25.0274590,121.5213163
5551876236,477,crush誇許早午餐下午茶,cafe,25.0306527,121.5437396
4199798316,599,老饕園,restaurant,24.9906640,121.5109536
5141154643,369,鹽酥雞,restaurant,25.0706003,121.6293922
4328118613,557,蘭陽美食綠色臭豆腐,restaurant,25.0130041,121.5354201
7211425801,373,九湯屋日本拉麵,restaurant,25.0817670,121.6954378
6843965892,388,尚蓋青快炒店,restaurant,25.0595415,121.3650234
7365964003,397,海力士,restaurant,25.0660528,121.4966119
3740826801,724,魚多多 熱炒100,restaurant,24.9566443,121.3957704
3523782364,598,大洲炒餅館,restaurant,24.9992562,121.4987381
2630783776,599,摩斯漢堡,fast_food,24.9915087,121.5115049
7211425563,403,陶媽媽素食,restaurant,25.0674482,121.5863910
5293913490,399,儷宴會館,restaurant,25.0601086,121.5259938
2069531107,556,池湖豆漿大王,restaurant,25.0063540,121.5210628
3457792201,510,極鮮火鍋,restaurant,25.0255716,121.4693017
2895253178,565,鮮堡漢堡台北石碇店,restaurant,25.0058170,121.6515464
3387037593,557,CoCo壱番屋,restaurant,25.0146694,121.5352093
7254602085,599,路易沙,cafe,24.9932300,121.5173702
3324962962,514,異國料理,restaurant,25.0193060,121.5329923
6116231630,287,李記甜不辣,restaurant,25.1027282,121.5228393
2614421432,597,瓦城,restaurant,24.9986723,121.4882342
1411751366,596,萬香台式烤鴨,restaurant,25.0021572,121.4628341
3881407475,437,Mita義式廚房,restaurant,25.0462102,121.5163769
7095347130,439,沛沛彤早餐店,restaurant,25.0436834,121.5473189
7365964005,397,壽司、甜不辣,restaurant,25.0667281,121.4985183
7211425590,442,美味早點站,restaurant,25.0461793,121.5870883
4314326426,367,陳文全小吃店,restaurant,25.0799754,121.5953203
7056026983,479,日本橋海鮮丼,restaurant,25.0406855,121.5670024
4298897637,476,築地市場,restaurant,25.0302966,121.5294033
5564549037,444,如水食堂,restaurant,25.0538394,121.6172359
3881540562,437,長崎煮麵,restaurant,25.0439016,121.5161462
4170162689,399,阿香三明治,restaurant,25.0640918,121.5236826
5274513723,476,員林商店,fast_food,25.0294680,121.5266090
5110491055,399,ARTCO DE CAFE,cafe,25.0629950,121.5220477
7194706910,362,ASI南洋風味館,restaurant,25.0706293,121.5194348
7222656601,439,小憩睡眠咖啡館,cafe,25.0546068,121.5345195
4018217597,599,海力士牛凍,restaurant,24.9931090,121.5048933
4325693478,697,小紅屋,restaurant,24.9670641,121.5907101
6269043212,601,老郭牛肉麵,restaurant,24.9992124,121.5474451
3547976747,438,溫州大餛飩,restaurant,25.0494038,121.5229787
6764037994,478,Britsbake,cafe,25.0399188,121.5545797
4945421762,506,米吉米咖啡/三明治,restaurant,25.0217351,121.4153169
3909253725,640,S.P.P 速食漢堡,restaurant,24.9796437,121.4184847
3833903877,440,Abad Indian Kitchen,restaurant,25.0518393,121.5570856
7215593192,507,晶晶越南美食,restaurant,25.0215415,121.4237578
5285474839,602,謝師傅海產,restaurant,25.0009058,121.5551932
6165778484,477,相撲涮涮鍋,restaurant,25.0335852,121.5442733
5222763321,287,吃味鮮,restaurant,25.1042461,121.5211550
4571256564,139,麥軒早餐店,restaurant,25.1773572,121.4510192
2716998343,510,陶板屋和風創作料理,restaurant,25.0235649,121.4687941
4520207457,732,鵝肉餐廳,restaurant,24.9609190,121.5098936
7211425673,480,阿伯麵線,restaurant,25.0359335,121.5784814
7358541275,440,The Coriander Cooking Studio鄉菜,restaurant,25.0476630,121.5573747
7211425799,444,二姊素食滷味,restaurant,25.0556201,121.6141341
4272680173,514,清心,cafe,25.0288225,121.5219869
3408300047,721,麥當勞,fast_food,24.9511930,121.3521597
6871573246,602,亨利咖啡鬆餅,cafe,25.0006880,121.5488961
6140337478,514,統將咖啡,cafe,25.0192902,121.5314564
3073125433,139,一級棒碳烤,fast_food,25.1761804,121.4466881
4524864525,602,鬍鬚張,restaurant,25.0000651,121.5560369
4334950390,250,阿順虱目魚專賣店,restaurant,25.1124704,121.5374901
5197878421,249,路易莎咖啡,cafe,25.1182831,121.5275201
7194706808,288,美心小館,restaurant,25.1014082,121.5441041
2631918077,592,台北的天空-我的咖啡,cafe,24.9992436,121.4107389
5813700058,475,Ching Hsi Vegetarian,restaurant,25.0299756,121.5162176
5255070521,287,焗烤廚房,restaurant,25.1068644,121.5257505
6781231891,365,廣東鴨莊,fast_food,25.0793145,121.5693096
6969436649,694,李家刀削麵館,restaurant,24.9684258,121.5402648
7211425542,403,傑克早餐,restaurant,25.0676909,121.5893013
7194706790,361,益鼎讚紅豆餅,restaurant,25.0728290,121.5139788
3721304898,515,香港大中華燒臘,restaurant,25.0280410,121.5406348
6594461978,365,Lazy Point,restaurant,25.0795920,121.5718464
3720751144,515,Heima Cafe,restaurant,25.0269358,121.5417732
2631999497,640,錢昇刷刷鍋,restaurant,24.9880368,121.4189353
7194693281,650,豚將-日本拉麵,restaurant,24.9874660,121.5771204
2784773049,551,越滋味傳統美食,restaurant,25.0084504,121.4503225
5110348819,478,Taipei Arden Cafe,cafe,25.0333830,121.5603878
7235635385,437,金子半之助,restaurant,25.0474623,121.5168815
6068468865,438,吉野家,restaurant,25.0438216,121.5263660
7175334778,512,甜不辣,restaurant,25.0201029,121.4975998
6028692899,593,金香谷美味廣場,restaurant,24.9933963,121.4273946
4754476213,477,狗一下居食酒屋,restaurant,25.0425207,121.5475678
7271170851,139,馬可古巴三明治,fast_food,25.1686537,121.4463855
2594845878,479,咖啡弄(ATT4FUN店),cafe,25.0356567,121.5662040
6769785042,388,胖老爹,restaurant,25.0592143,121.3639658
7038909631,401,食憶 by SUi,restaurant,25.0610711,121.5583563
3497480270,555,陳記燒臘,restaurant,25.0073084,121.5119197
3492626246,598,金盃美而美,fast_food,24.9937400,121.5024194
3824498891,247,領鱻小吃,restaurant,25.1151124,121.4963496
3278448297,640,招牌麵疙瘩,restaurant,24.9802813,121.4161705
4258236468,553,八千代迴轉壽司,restaurant,25.0064631,121.4743932
5024556722,596,阿順平價牛排,restaurant,24.9968995,121.4653848
5207845421,287,荳上涮涮鍋,restaurant,25.1064594,121.5321165
6180492015,599,華泰豆花粉圓,restaurant,24.9983199,121.5104033
6979198653,507,麥卡多漢堡店,restaurant,25.0243184,121.4230780
4033134226,734,台灣小吃,restaurant,24.9566304,121.5343473
7002886744,437,廣安階,restaurant,25.0458261,121.5154190
6604982544,720,嗎哪早餐吧,restaurant,24.9560110,121.3406906
4384259019,648,永和豆漿,restaurant,24.9798141,121.5382955
3811140815,557,魯山人和風壽喜鍋物,restaurant,25.0131252,121.5364889
2925741403,138,吉野家,restaurant,25.1694328,121.4447003
6939523042,475,巷子口麵店,restaurant,25.0423732,121.5051949
5504919538,601,甘泉魚麵,restaurant,24.9953453,121.5408262
3540411075,552,上海生煎包,restaurant,25.0100106,121.4616576
5366011622,477,高雄五福鮮蝦扁食,restaurant,25.0406319,121.5467963
3701525965,557,泰正點泰式餐坊,restaurant,25.0133774,121.5344695
7211425613,480,品記雞肉飯,restaurant,25.0376209,121.5775196
5699706938,555,呈信傳統鵝肉店,restaurant,25.0151340,121.5150198
2455453883,476,東門鵝肉攤,restaurant,25.0343671,121.5275226
6894204680,397,興富發熱炒,restaurant,25.0619069,121.5013124
4269582582,439,萬味豆府,restaurant,25.0499906,121.5430229
5313864463,441,張記臭豆腐,restaurant,25.0446727,121.5686790
5185293321,249,味覺義廚,restaurant,25.1190736,121.5261226
3156213924,433,玠萊新莊老牌豬血湯,restaurant,25.0456011,121.4506915
4707097891,398,豐舍,restaurant,25.0625898,121.5090111
3417520413,598,派克脆雞排,fast_food,24.9942567,121.4960978
4449757827,438,玖伍牛肉麵,restaurant,25.0505173,121.5232109
7175344575,477,山嵐拉麵,restaurant,25.0306602,121.5433236
2473232892,515,咖哩廚房,restaurant,25.0222353,121.5429367
7004248039,327,Pepper Lunch胡椒廚房,restaurant,25.0836988,121.5571762
4383593156,601,爆彈燒雞蛋糕,restaurant,24.9952437,121.5450917
7194706806,362,嚐鱻外帶壽司,restaurant,25.0708338,121.5200059
3732199852,514,小路上。藝文空間,cafe,25.0261219,121.5245068
3909277056,640,阿國飲食店,restaurant,24.9793267,121.4179235
5556152823,474,艋舺螺螄粉 桂林米粉,restaurant,25.0326629,121.4996632
3229484213,514,張媽媽牛肉麵,restaurant,25.0267770,121.5232802
7037337599,476,好客多,restaurant,25.0395779,121.5235970
3051287033,139,釣魚人海鮮快炒,restaurant,25.1782449,121.4463100
1411751323,596,池上木片便當,restaurant,24.9962654,121.4622429
5189737324,249,天棧鍋物,restaurant,25.1203330,121.5266458
2321487373,400,鮮芋仙錦州店,cafe,25.0603275,121.5431088
4837986338,439,烤肉飯各式鍋類,restaurant,25.0559900,121.5389608
4018208919,248,爭鮮迴轉壽司,restaurant,25.1159731,121.5153982
3428071510,396,晶饌,restaurant,25.0673026,121.4773406
4838087644,475,怡客咖啡,cafe,25.0419869,121.5099684
7211425640,443,昆陽滷肉飯,restaurant,25.0497732,121.5936452
3281801966,116,五花馬,restaurant,25.1838676,121.4446466
6720844005,398,Just for U,fast_food,25.0623553,121.5113515
4123034966,437,八芳美食快餐,restaurant,25.0458078,121.5141052
2899366923,444,合發米粉湯,restaurant,25.0521315,121.6170461
4669665495,516,佐藤咖哩,restaurant,25.0219658,121.5544079
2858510201,437,大家好港式燒腊便當,restaurant,25.0454866,121.5058177
2553746041,439,古早味古早麵,restaurant,25.0453371,121.5463864
4384259012,648,朝鮮味韓國料理,restaurant,24.9830467,121.5427484
4205230085,439,香米泰國料理,restaurant,25.0541049,121.5438035
3752500468,399,棋樂無窮桌上遊戲咖啡館,cafe,25.0604130,121.5310915
6963991212,438,人間日式料理,restaurant,25.0512426,121.5275511
7175344656,367,薩爾溫滇緬泰食堂,restaurant,25.0748668,121.6012819
2230023845,514,吉莉愛食堂,restaurant,25.0188171,121.5332464
4838087701,398,波麗路,restaurant,25.0567404,121.5121950
7130802067,401,食采集思,restaurant,25.0582635,121.5525671
4417637949,557,HambDas,restaurant,25.0073593,121.5378194
3510138055,511,Petit Tuz (小兔子鄉村輕食雜貨鋪),cafe,25.0177014,121.4774361
4298881352,557,多比機器人餐廳,restaurant,25.0145764,121.5336985
5852598788,117,芳鄰小吃,restaurant,25.1792684,121.4488649
3929888478,601,麥味登,restaurant,24.9901132,121.5405678
7175344545,476,阿嬤G排,restaurant,25.0318786,121.5329285
3188329661,650,京橋 日本料理,restaurant,24.9887589,121.5682502
7194706973,366,無名麵店,restaurant,25.0790102,121.5808730
3727152368,440,中崙巧味亭,restaurant,25.0480608,121.5531292
7138715796,213,雞肉鼎,restaurant,25.1337535,121.5031455
3594110785,597,成都豆漿大王,restaurant,24.9965205,121.4835489
4752565125,599,Hola加勒比海美食,restaurant,25.0000528,121.5164141
3780490283,648,埔里鵝莊,restaurant,24.9831355,121.5403822
3944645350,476,飄香小吃,restaurant,25.0407040,121.5316654
6714766659,557,曉鹿鳴樓,restaurant,25.0129269,121.5366425
6938863285,401,財神台南担仔麵,restaurant,25.0583596,121.5606555
7175344788,517,九湯屋日本拉麵,restaurant,25.0282879,121.5640631
2643718576,353,一桶羹魷魚羹,restaurant,25.0775901,121.3881380
3870721774,514,雲泰小鎮,restaurant,25.0241913,121.5295942
2755478337,476,台北美味小館,restaurant,25.0397904,121.5225186
5151338425,478,Alpha Black,cafe,25.0410245,121.5544339
6190476399,602,上好吉得堡,restaurant,24.9898148,121.5489965
4340074929,438,屯京拉麵中山店,restaurant,25.0518508,121.5226764
5564549103,493,榕樹下米粉湯,restaurant,25.0427005,121.7768181
4328118433,479,樂慕雅,restaurant,25.0412472,121.5681530
4007811653,601,越南小吃,restaurant,24.9927125,121.5416406
3835324995,649,海苔手握飯捲,restaurant,24.9837235,121.5593494
926003351,406,Soya Cafe,cafe,25.0681852,121.6307166
7138715812,214,念真早餐店,restaurant,25.1350022,121.5047730
3439076728,762,拿坡里披薩,restaurant,24.9361102,121.3739463
7284077764,601,Q Burger(準備開幕),restaurant,24.9996239,121.5394782
7211425760,480,天香素食,restaurant,25.0380686,121.5851106
4417637979,557,自由51,cafe,25.0074371,121.5377961
3304641842,477,丹堤咖啡,cafe,25.0412898,121.5473313
4282217989,601,一粒麥子健康素食,restaurant,24.9933024,121.5402669
3707479432,437,Sukiya,restaurant,25.0450326,121.5160318
3854472477,557,泰國小館,restaurant,25.0141934,121.5336750
7188407888,499,蘇義興餐廳,restaurant,25.0379917,121.8657535
2419430313,640,鍾愛寶媽鍋,restaurant,24.9807859,121.4155274
4043625926,601,食都臭臭鍋,restaurant,24.9896418,121.5414219
2526130505,649,麥當勞,fast_food,24.9876210,121.5502740
5556118567,476,Allegro樂格輕食,restaurant,25.0372253,121.5189804
3835345476,650,豆腐豆漿,restaurant,24.9837001,121.5678099
7004130375,437,魔法咖哩,restaurant,25.0435872,121.5071392
3924749031,475,路易莎咖啡,cafe,25.0345920,121.5074189
2927137138,139,綠風小屋義麵館,restaurant,25.1757779,121.4466082
6154644886,475,麥當勞,fast_food,25.0378415,121.5056808
2157333875,399,摩斯漢堡,fast_food,25.0596867,121.5329686
3724051663,515,Onni韓食堂,restaurant,25.0275416,121.5436872
7027256885,642,吉野家,restaurant,24.9857324,121.4525163
4325693484,601,鵝肉,restaurant,24.9954538,121.5461318
2392237975,400,小王子二號店,restaurant,25.0616677,121.5349821
2928691501,139,萊喀涮涮鍋,restaurant,25.1703647,121.4464724
4236823721,399,妙林素食,restaurant,25.0631256,121.5328077
4007798843,601,真味肉圓,restaurant,24.9920304,121.5415996
2144323914,400,丹堤咖啡,cafe,25.0622543,121.5344846
7118647627,515,Pasta 2 Go,restaurant,25.0193771,121.5336062
7343439093,437,越春真,restaurant,25.0557729,121.5150112
3793993687,440,大老二美食店,restaurant,25.0507845,121.5609260
3665807281,646,祥鈺港式茶樓,restaurant,24.9836093,121.5082913
3594110788,597,麥味登早餐,restaurant,24.9956739,121.4826439
7153752176,478,花酒蔵,restaurant,25.0388507,121.5508488
2209949971,694,星巴克,cafe,24.9677279,121.5412102
7170215762,442,阿水豆漿店,restaurant,25.0509845,121.5816596
6749527348,516,PEG coffee,cafe,25.0247900,121.5557162
3255439259,734,星巴克,cafe,24.9587034,121.5376779
3955465480,440,馬祖麵館,restaurant,25.0520388,121.5573234
2302589906,367,美而美,restaurant,25.0827105,121.5965961
2928839301,138,乾杯燒肉居酒屋,restaurant,25.1680724,121.4439370
2529318111,649,福隆便當,restaurant,24.9876677,121.5522865
3320548380,593,頂呱呱,fast_food,24.9928802,121.4241712
2727091090,438,康園餐廳,restaurant,25.0431511,121.5203433
6805098960,443,美の美,restaurant,25.0560504,121.6069812
6418910928,552,府中涼麵,restaurant,25.0081802,121.4608885
3716543698,351,狀元切仔麵,restaurant,25.0752184,121.3650911
3881721637,648,麵工坊義大利麵,restaurant,24.9756687,121.5430662
5775185923,364,星巴克,cafe,25.0802164,121.5604454
3424895622,598,麥味登,fast_food,25.0019983,121.4982477
4693666833,697,Tew House,restaurant,24.9677380,121.5880965
2526205018,649,日式珍珠紅豆餅,restaurant,24.9874750,121.5508729
7211425707,442,好朋友手工刀削麵,restaurant,25.0458689,121.5873449
2806178243,304,九份茶坊,cafe,25.1081545,121.8435344
3328450052,598,錢都涮涮鍋,restaurant,25.0014085,121.4977177
4946789823,403,小劉排骨,restaurant,25.0689508,121.5843323
2810326373,475,環球蔬食樂 (Global Veggie Joy),restaurant,25.0385155,121.5068045
4837986445,516,真鮮生魚片專賣,restaurant,25.0285681,121.5625035
7175344756,441,艋舺雞排饒河店,restaurant,25.0505509,121.5756988
3959167654,762,大觀素苑,restaurant,24.9471875,121.3735270
3670374289,478,COFFEE: STAND UP,cafe,25.0428729,121.5556860
2617049919,732,八方雲集鍋貼水餃店,restaurant,24.9601582,121.5106673
7192629086,322,大埕鐵板燒,restaurant,25.0853399,121.4783141
7175344531,405,櫻桃小鎮食館家,restaurant,25.0692654,121.6168524
7194706747,606,小師父,restaurant,25.0003200,121.6127948
3337457969,640,海港生猛活海鮮,restaurant,24.9834347,121.4187717
6190476412,514,堤香義大利麵,restaurant,25.0230179,121.5311820
7170215785,442,東松排骨,restaurant,25.0477518,121.5780299
6982059013,476,Gin Gin Coffee Company,cafe,25.0409540,121.5313867
6265601302,557,家鄉味小吃,restaurant,25.0043198,121.5417020
5661163188,555,oven coffee,cafe,25.0128881,121.5104654
7235632163,437,雞三和,restaurant,25.0474053,121.5172014
7175344532,512,平價汕頭麵,restaurant,25.0196726,121.4946008
3618676740,478,星巴克,cafe,25.0394813,121.5493462
7175344540,512,金淇燒臘,restaurant,25.0183247,121.5002617
7235632179,437,石石香拌,restaurant,25.0480002,121.5172554
4676247892,324,良記福臨魯肉飯,restaurant,25.0870773,121.5097557
4430883491,476,和茗甘味处,cafe,25.0298571,121.5291150
4837986417,516,于家水餃,restaurant,25.0218699,121.5501792
4820442015,471,覓食特吐司MisterToast,restaurant,25.0414432,121.4453862
3785978439,249,益全便當,restaurant,25.1110996,121.5211260
3955465461,440,周家菜肉大餛飩,restaurant,25.0531793,121.5608891
2124843047,399,肯德基,fast_food,25.0579206,121.5216655
2518367466,437,銀座拉麵,restaurant,25.0454326,121.5160203
3727895075,438,皇品葉記港式燒臘,restaurant,25.0492586,121.5332049
3658406670,650,楊記小吃,restaurant,24.9877933,121.5758815
2069417142,513,頌恩牛肉拉麵屋,restaurant,25.0163732,121.5163905
5564549072,298,阿揚什錦麵,restaurant,25.1028839,121.7616493
4118443941,437,美味自助餐,restaurant,25.0448738,121.5142367
4344543598,438,萬媽媽麵攤,restaurant,25.0507175,121.5270606
7175344541,441,基隆廟口天婦羅,restaurant,25.0508976,121.5769841
7115888345,507,伊荳早午餐,restaurant,25.0214499,121.4234370
4786142616,287,漢來海港,restaurant,25.1051386,121.5241494
3416064593,598,斗六魷魚羹,restaurant,24.9998905,121.4993826
4360380445,515,韓喜堂,restaurant,25.0220729,121.5414843
2940015740,115,大胖活海產,restaurant,25.1810775,121.4178071
5236190828,287,品皇咖啡行,cafe,25.1082896,121.5298029
4424407823,360,四海豆漿大王,restaurant,25.0715441,121.4932489
6024241233,648,轉角早午餐,restaurant,24.9842945,121.5415921
6161253563,470,周師傅燒肉飯,restaurant,25.0316336,121.4337650
7175344568,368,東湖食堂,restaurant,25.0731298,121.6185088
4312896483,602,甘泉魚麵,restaurant,24.9987892,121.5583207
3706010931,478,骨倉麵舖,restaurant,25.0316111,121.5536520
3445169937,601,排骨大王,restaurant,24.9901928,121.5417987
4149564834,514,VILLE CAFE,cafe,25.0162189,121.5318503
3136818011,325,丹堤咖啡,cafe,25.0948808,121.5233115
4375119416,475,廣東奕興燒腊粥麵館,restaurant,25.0320172,121.5167842
4735785591,368,Seeking café,cafe,25.0753452,121.6077856
4838086674,437,吉野家,restaurant,25.0466109,121.5176285
7153752254,439,市民芳鄰早餐店,restaurant,25.0446732,121.5348769
7365963987,397,蘇梅泰國小館,restaurant,25.0655296,121.4974624
4679455798,287,文昌小吃,restaurant,25.0971644,121.5193264
3437517208,554,巨馬臭臭鍋,restaurant,25.0024044,121.4981961
4335226918,478,正好鮮肉小籠湯包,restaurant,25.0304184,121.5546835
7194706702,482,無名炭烤,restaurant,25.0352247,121.6141353
7101492106,405,海之味傳統小吃,restaurant,25.0689698,121.6186604
4562939881,475,英桃越食,restaurant,25.0308003,121.5169727
6417395216,440,Alba,restaurant,25.0523926,121.5510905
7211425580,480,孫家牛肉麵,restaurant,25.0380712,121.5840342
7004097329,437,隴成川味牛肉麵,restaurant,25.0477302,121.5083559
2784820888,551,Soul food,restaurant,25.0066715,121.4503074
5219073023,249,璞石咖啡,cafe,25.1147434,121.5271166
6073695612,325,九湯屋,restaurant,25.0901791,121.5243195
2923732898,478,果然匯,restaurant,25.0411676,121.5521555
5308330817,353,麻吉妹妹義大利麵,restaurant,25.0771653,121.3864763
3714789190,479,祥哥麻辣燙,restaurant,25.0403588,121.5715348
2914298601,139,Subway,fast_food,25.1681883,121.4464530
6156190861,479,上禾池上便當,restaurant,25.0412894,121.5665410
5562886138,474,輝倛早餐店,restaurant,25.0427677,121.5022841
2302589909,367,巴西里小館,restaurant,25.0833057,121.5960543
5667002228,399,學餐:自助餐,restaurant,25.0661587,121.5219209
2925745989,138,名廚鐵板燒,restaurant,25.1694011,121.4438433
5434008724,437,東一排骨台北總店,restaurant,25.0446197,121.5103889
2784759538,551,阿勝麻辣雞,restaurant,25.0078070,121.4535717
2460009053,734,甜不辣,restaurant,24.9562740,121.5372474
4360901113,295,福中居茶坊,restaurant,25.1048637,121.6462445
6028851343,438,照島時計店,restaurant,25.0492807,121.5215998
4384259020,648,永哥港式點心坊,restaurant,24.9825165,121.5420910
7066896685,516,Longtail,restaurant,25.0239553,121.5483305
6024250868,648,和興食堂,restaurant,24.9869729,121.5464855
4969864574,507,禾屋日式涮涮鍋,restaurant,25.0229956,121.4250531
2177104711,366,八方雲集,restaurant,25.0827232,121.5920928
6357749093,602,韓喜部隊鍋,restaurant,24.9992149,121.5565619
7194706933,362,福記,restaurant,25.0741620,121.5194344
5110491047,399,豐味亭,restaurant,25.0632298,121.5245351
4243884392,437,海霸王甲天下,restaurant,25.0521110,121.5095000
2410699190,516,順興發自助餐,restaurant,25.0276579,121.5565268
6354698765,477,cama,cafe,25.0427553,121.5441486
6861032285,248,孫東寶,restaurant,25.1138911,121.5125039
2391800639,362,劍潭肉圓王,fast_food,25.0804681,121.5202513
1837970393,366,737豬血糕,fast_food,25.0798660,121.5788050
7170215754,442,越南之家,restaurant,25.0546774,121.5922478
3959167656,762,巧食雞複合式餐飲 三峽北大店,restaurant,24.9464190,121.3740324
3080933442,515,阿玉水餃,restaurant,25.0216304,121.5427343
2776684640,438,西雅圖極品咖啡,cafe,25.0431611,121.5308915
5236245837,287,R-U coffee,cafe,25.1077847,121.5290004
6153516258,474,小馬轉轉,fast_food,25.0385280,121.5019346
4359406997,474,鍋神日式涮涮鍋,restaurant,25.0366393,121.4989081
7130802006,401,柴火麵擔仔,restaurant,25.0580080,121.5538689
3614055707,478,Toast Chat,cafe,25.0394651,121.5556238
3491387006,440,村子口眷村菜,restaurant,25.0460104,121.5495896
3622811593,557,瓦崎燒烤,restaurant,25.0118809,121.5358405
6401807437,693,莊卡味早餐,restaurant,24.9628113,121.5261590
4228244389,438,鼎泰豐,restaurant,25.0521729,121.5212927
3307006521,514,吉野家,fast_food,25.0159014,121.5328134
6242158913,602,李家家鄉滷味,restaurant,24.9999751,121.5559161
2822549356,366,阿姑越南美食館,restaurant,25.0821093,121.5909154
4328118423,601,早安美芝城,restaurant,25.0011918,121.5394971
4115555989,515,義食屋,restaurant,25.0238134,121.5435904
2987200080,479,咖啡講市府店,cafe,25.0421341,121.5652906
3740826735,725,手工現做飯糰,restaurant,24.9610847,121.4049974
6356216092,408,川田小火鍋,restaurant,25.0628636,121.6542479
2896533104,353,爆料紅豆餅,restaurant,25.0772538,121.3929665
5211480023,249,阿秀排骨酥,restaurant,25.1121285,121.5283972
4677447148,476,5年5班古早味美食便當,restaurant,25.0304631,121.5220912
7037337587,476,飛達香,restaurant,25.0350744,121.5268440
6585779685,515,羊毛與花溫州店,cafe,25.0200945,121.5336318
4043625925,601,阿泔麵線,restaurant,24.9896937,121.5412937
6884086958,551,那裡的咖啡店,cafe,25.0090769,121.4580264
6919459907,388,勝政豬排,restaurant,25.0599583,121.3697031
7175344547,249,雲象泰式餐廳,restaurant,25.1201976,121.5196987
6457436835,599,漢堡王 永和店,fast_food,24.9995361,121.5172874
3689721226,476,來來漢堡總匯,restaurant,25.0405476,121.5331830
5222741234,287,胖老爹美式炸雞,fast_food,25.1042271,121.5211379
2925856701,139,路邊的卡夫卡,cafe,25.1701990,121.4472274
7175344533,512,如意私房菜館,restaurant,25.0212262,121.4992622
4033147898,694,小歇,restaurant,24.9652627,121.5408056
3523523035,601,二丁靚鍋,restaurant,24.9924172,121.5438775
3307881890,440,福氣韓國炸雞,restaurant,25.0448389,121.5509085
3439311942,598,Q Burger,fast_food,25.0006144,121.4996094
5219068124,249,鄉香西餐,restaurant,25.1148586,121.5274345
7365964021,397,唯寧記麻辣鴨血豆腐,restaurant,25.0644623,121.4991266
5109136421,441,Louisa Coffee,cafe,25.0508940,121.5672154
5372146608,555,鴨肉冬粉,restaurant,25.0073974,121.5092491
6024235321,600,桔磨坊,restaurant,24.9965764,121.5201684
7314808937,506,漢堡大師,fast_food,25.0172653,121.4033492
3680337964,396,85度C,cafe,25.0666333,121.4887985
2563901891,648,原燒,restaurant,24.9831940,121.5370609
5839638859,515,"Flavor of India ""Tasty Traditional Vegetarian""",restaurant,25.0244204,121.5473291
5110581255,341,Hide &Seek,cafe,25.0865919,121.8258779
4820442580,433,雙胞胎-甜甜圈,restaurant,25.0457446,121.4448500
7175344708,366,呷尚寶,restaurant,25.0765733,121.5851796
7211425679,480,豆花，綠豆，薏仁。,restaurant,25.0375229,121.5777522
3464721413,598,美式早餐屋,fast_food,24.9961601,121.5031960
4836631403,476,新田鰻魚屋,restaurant,25.0332210,121.5297675
3497497487,555,北斗肉圓,restaurant,25.0064009,121.5101163
7211425750,480,方家鹽酥雞,restaurant,25.0386507,121.5847874
7282081086,440,亓家蒸餃,restaurant,25.0525830,121.5611260
7213007976,515,慈心素食,restaurant,25.0227950,121.5429376
2607298694,443,麥當勞,fast_food,25.0501669,121.5937270
6681320998,438,東京油組總店,restaurant,25.0440208,121.5255676
2643718531,353,金栈鵝肉,restaurant,25.0792988,121.3882228
5969055685,248,大馬,restaurant,25.1170229,121.5163855
6579661153,398,孵咖啡,cafe,25.0620780,121.5091700
5699174874,515,米克斯咖啡,cafe,25.0282938,121.5426654
3914415975,555,奔匙,restaurant,25.0093134,121.5101723
5151431921,326,東吳大學學生餐廳,restaurant,25.0938471,121.5463404
7211425715,403,北港小吃店,restaurant,25.0680575,121.5857756
3975270692,512,甘泉魚麵,restaurant,25.0293336,121.5025274
3818999941,514,洋旗餐廳,restaurant,25.0192905,121.5299473
3514130912,482,阿鳳米粉湯,fast_food,25.0388146,121.6167772
4229976582,433,沐也日式涮涮鍋,restaurant,25.0491776,121.4458072
6514349832,440,狗狗肉,restaurant,25.0508392,121.5580773
3369778832,479,1Bite 2Go,restaurant,25.0326146,121.5629259
6694180174,510,灶腳古早味私房菜,restaurant,25.0279982,121.4715718
6242158915,602,周媽媽油飯肉羹,restaurant,24.9999909,121.5557861
4271124562,564,桂花香腸,restaurant,25.0084152,121.6497803
3757049499,365,黑美林,restaurant,25.0826724,121.5651661
4838087663,437,胖叔叔專業肉羹,restaurant,25.0458554,121.5107343
6103707151,287,Sukiya,restaurant,25.1022114,121.5236644
3196909470,440,明星咖啡館,cafe,25.0479933,121.5571912
5556118569,475,戲台酒館,restaurant,25.0356285,121.5181388
3350431790,321,星巴克咖啡,cafe,25.0881792,121.4596280
5110348671,439,牛北北,restaurant,25.0468585,121.5441441
2035818318,734,1972,cafe,24.9561995,121.5338731
3656221033,476,中庭咖啡,restaurant,25.0312273,121.5288267
4810840723,213,摩斯漢堡,fast_food,25.1341102,121.5006878
7095347114,477,橘色涮涮屋,restaurant,25.0385185,121.5453483
7170215749,442,三商巧福,restaurant,25.0540084,121.5921009
3296340697,649,四海遊龍,restaurant,24.9821531,121.5622614
3724770026,437,非凡小館,restaurant,25.0431626,121.5139644
6090456274,325,Craft young,restaurant,25.0883669,121.5240648
7211425649,374,和美素食,restaurant,25.0827710,121.6963178
4672573737,399,十巷咖哩,restaurant,25.0642057,121.5237570
4340641490,365,主廚蓋飯,restaurant,25.0763736,121.5756094
7175344672,441,羊家將羊肉爐,restaurant,25.0472703,121.5731689
7175344717,441,老松山霸子麵線,restaurant,25.0501181,121.5746087
7138715781,213,冰汽水果茶舖,restaurant,25.1351335,121.4988288
4524864502,602,麥味登,restaurant,24.9963543,121.5601984
6134452979,437,花月嵐拉麵,restaurant,25.0461442,121.5164422
3232573074,405,萬豐早餐店,restaurant,25.0685797,121.6090113
3810225196,439,淘憩Cozy,cafe,25.0494326,121.5338283
3439076752,762,丹堤咖啡,cafe,24.9355616,121.3739117
5477790365,364,教父牛排,restaurant,25.0825690,121.5529449
6115982246,287,蘇吉泰式風味鍋,restaurant,25.1028754,121.5228758
7175344727,249,莎諾西餐,restaurant,25.1188173,121.5237166
3722267484,352,美麗樹,cafe,25.0791161,121.3753671
4113575990,474,Monga161,restaurant,25.0402599,121.5006480
4076232898,438,CBD cafe,cafe,25.0477503,121.5315422
6422218528,437,大腸麵線,fast_food,25.0540768,121.5101196
4436151959,360,京宴自助餐,restaurant,25.0710007,121.4961057
4149564840,556,劉記川味牛肉麵,restaurant,25.0155113,121.5325200
4018209511,478,金霸王生猛海鮮,restaurant,25.0298531,121.5618701
7175344511,477,元香沙茶火鍋店,restaurant,25.0337799,121.5347822
4007798839,601,歡喜素食,restaurant,24.9907658,121.5414874
4170162589,399,Mr. Lin's三明治,restaurant,25.0648664,121.5234806
5109347793,514,Cama,cafe,25.0171709,121.5321497
2238342161,694,心素緣,restaurant,24.9642182,121.5404610
4820442571,471,富鼎粥品,restaurant,25.0379835,121.4472328
3887820749,438,一方醇森高砂咖啡華山店,cafe,25.0449735,121.5276846
7093507989,694,八方雲集,restaurant,24.9732086,121.5430865
7153752174,478,JE Kitchen,restaurant,25.0384911,121.5561502
5504491303,601,我們的窩,restaurant,25.0021543,121.5374061
2473232867,515,吉野烤肉飯,restaurant,25.0220798,121.5413918
2706488763,301,老窩咖啡館瑞芳店,cafe,25.1083268,121.8055541
7211425604,479,春發汕頭乾拌麵,restaurant,25.0343499,121.5758438
2804082762,395,福州傻瓜麵,restaurant,25.0676983,121.4610200
5661163190,555,瓦城,restaurant,25.0118647,121.5151754
5201386121,249,丹堤咖啡,cafe,25.1122037,121.5303869
2308078429,330,切仔麵,restaurant,25.0849290,121.5927522
2912275102,139,福華鐵板燒,restaurant,25.1702960,121.4448973
4605333185,515,The Unique,restaurant,25.0280568,121.5416616
3046927712,438,樂雅樂,restaurant,25.0546253,121.5327771
2368720687,439,麥當勞,fast_food,25.0516343,121.5433281
5070513021,438,中央市場生猛海鮮,restaurant,25.0482330,121.5281928
4808912849,506,瑞祥川味牛肉麵,restaurant,25.0166447,121.4081824
5551909602,477,頂好榕樹下小吃店,restaurant,25.0338970,121.5438810
3909253690,640,寶島麵線站 蚵仔麵線甜不辣,restaurant,24.9790439,121.4188735
4231364565,646,老先覺,restaurant,24.9844777,121.5055623
5187688123,325,義式意思,restaurant,25.0923119,121.5261801
7211425712,442,全國健康素食,restaurant,25.0449740,121.5835595
3670390136,478,豚膳,restaurant,25.0427753,121.5551381
7194706944,601,陽光小築,restaurant,24.9944063,121.5382051
3840864392,694,大千素食,restaurant,24.9651950,121.5403470
7365964058,397,滿佶養生食堂,restaurant,25.0650331,121.4990791
7169581021,440,孜然羊肉,restaurant,25.0497052,121.5551673
6140771050,438,café à la mode,cafe,25.0540333,121.5218058
2734137842,554,天福港式茶樓,restaurant,25.0030305,121.5022144
4050787722,402,悟饕,restaurant,25.0605408,121.5631275
3233917890,552,Easy House 美式蔬食,restaurant,25.0117665,121.4659437
7194706774,398,英仕堡早餐店,restaurant,25.0683647,121.5134694
5699180230,477,Sukiya,restaurant,25.0319304,121.5437991
7194706923,145,竹子湖炒青菜,restaurant,25.1778927,121.5340676
4838087695,437,ID COFFEE,cafe,25.0552765,121.5167165
5505377637,601,早點,restaurant,24.9994020,121.5388658
4773953021,144,青菜園,restaurant,25.1773400,121.5308921
7211425614,443,品泰廚坊,restaurant,25.0556898,121.6059776
3939199353,282,清心,cafe,25.1011648,121.4517881
2441338330,399,貴族世家,restaurant,25.0578049,121.5294628
2310896584,366,城市烘焙,cafe,25.0825355,121.5792297
6464773387,439,萬有全涮羊肉,restaurant,25.0528275,121.5433807
2883124253,439,小張龜山島現撈海鮮,restaurant,25.0494036,121.5422092
5208155925,398,古早味豆花,cafe,25.0571536,121.5151653
3036744493,139,珍廚房,restaurant,25.1697970,121.4451284
4298897636,476,築地壽司,restaurant,25.0307153,121.5304315
3656268925,514,街旅 Street Travel,cafe,25.0294268,121.5233535
5051738283,561,老圓環50元便當,restaurant,25.0035007,121.6024839
4317785883,639,阿肥小吃店,restaurant,24.9826900,121.4120836
7194706846,696,鳳臨食養天地,restaurant,24.9711677,121.5678607
3066788304,364,方圓涮涮屋大直樂群店,restaurant,25.0798076,121.5587652
6435865871,437,王記港式撈麵館,restaurant,25.0496522,121.5182023
7175344507,513,鄉村小吃客家板條,restaurant,25.0246874,121.5085938
4837986347,515,Subway,fast_food,25.0252188,121.5423710
7008706487,192,台北奧萬大樂活莊園,restaurant,25.1423132,121.5703567
7211419068,480,澳門氹仔燒臘店,restaurant,25.0385404,121.5852294
4114318991,55,中角灣咖啡餐飲,cafe,25.2407072,121.6333521
4199791996,92,海角休憩站,restaurant,25.2095591,121.6946326
7213007973,515,貞有緣素食,restaurant,25.0226176,121.5430228
3687767353,476,老郭川菜,restaurant,25.0330240,121.5289971
4033360510,601,柯仔麵線,restaurant,24.9974891,121.5477920
7169581038,440,肉多多火鍋,restaurant,25.0527757,121.5524886
7170236087,187,三角骨鹽酥雞,restaurant,25.1454160,121.4942309
3721365091,158,兔子餐廳,restaurant,25.1604882,121.4061195
3430332190,554,阿達牛肉麵,restaurant,25.0026194,121.4975377
3417097887,478,麥當勞,fast_food,25.0333797,121.5544863
6323106736,437,開飯川食堂,restaurant,25.0491079,121.5169658
6902570385,408,黑布咖啡,cafe,25.0625068,121.6531712
5833653438,138,肯德基中山2店,fast_food,25.1696365,121.4444058
4138745204,402,蚵仔麵線,restaurant,25.0581287,121.5639180
4328118419,477,台南味葉家小卷料理,restaurant,25.0417748,121.5477321
4034043013,444,一肚子火（日式串燒）,restaurant,25.0541730,121.6156124
3541454278,761,洋蔥屋,restaurant,24.9378171,121.3626055
2316045623,650,Brunch First,restaurant,24.9876990,121.5754046
5110245062,476,江浙點心,restaurant,25.0333603,121.5290590
3232586646,405,早安 美芝城,restaurant,25.0675876,121.6133974
7194707014,482,貳叁食堂,restaurant,25.0417532,121.6180509
7175344490,249,小南門傳統美食,restaurant,25.1201440,121.5196798
6163029969,474,大阪鐵板燒(萬華店),restaurant,25.0354044,121.5013414
4524863753,437,爭纖健康涮涮鍋,restaurant,25.0440877,121.5039105
7194706994,556,秋紅肚房,restaurant,25.0107421,121.5324326
4782170031,361,台灣第一香鹽酥雞,restaurant,25.0823689,121.5103878
5187706426,325,胡哥的店,restaurant,25.0925055,121.5257064
2953759593,650,早鳥吃早餐,restaurant,24.9830892,121.5639154
4820442538,433,食八辣滷味,restaurant,25.0451685,121.4480030
4007690411,515,妙媽媽小廚坊,restaurant,25.0196357,121.5335055
7194693241,366,霸味薑母鴨,restaurant,25.0787685,121.5885386
5077337863,598,王記港式點心,restaurant,24.9903018,121.4915850
3835326685,649,上林早餐店,restaurant,24.9878565,121.5533961
3304641865,477,海壽司,restaurant,25.0413342,121.5472146
7194706857,361,黃家米苔目,restaurant,25.0720862,121.5109917
7194706754,362,英國生蠔海鮮小屋 British Oysters Seafood Shed,restaurant,25.0703427,121.5219596
3114654133,325,麥當勞,fast_food,25.0960587,121.5281814
5562886139,436,曾德自助火鍋城,restaurant,25.0435727,121.5029910
7194706706,361,傳統古早味油飯攤,restaurant,25.0719680,121.5109809
4069716697,441,85度C,cafe,25.0487284,121.5641175
3372810615,438,東石小館,restaurant,25.0549186,121.5324380
3720429196,397,麥當勞,fast_food,25.0629304,121.4978061
6984169545,440,WOO TAIPEI,restaurant,25.0438750,121.5521497
6290531123,351,公園早餐,restaurant,25.0702969,121.3690833
2406854839,437,Starbucks,cafe,25.0440451,121.5074316
7194693284,398,紅蘿蔔早餐店,restaurant,25.0660311,121.5141259
2494670992,440,Pizza Hut,restaurant,25.0519206,121.5500709
3341995453,640,小蝸牛精緻早餐,restaurant,24.9821924,121.4214505
3860789101,593,黑肉圓,restaurant,24.9913183,121.4235291
4325606008,360,佛光緣滴水書坊,restaurant,25.0732753,121.4929363
1986319599,325,Subway,fast_food,25.0845748,121.5214300
6978549485,441,九湯屋日本拉麵,restaurant,25.0508239,121.5662401
6010592402,325,QK132台灣燒肉串,restaurant,25.0898553,121.5233119
7194706966,444,皇冠自助式涮涮鍋,restaurant,25.0472409,121.6151519
4820442527,471,北鴨鴨肉羮,restaurant,25.0429260,121.4490157
7194706950,603,津喜甜不辣,restaurant,24.9891247,121.5736405
2810324874,249,Chamkar 蔬食,restaurant,25.1107058,121.5300300
4317096451,438,一風堂,restaurant,25.0505735,121.5222462
3362752655,799,紅燒鰻,restaurant,24.9310407,121.3732248
3270313562,476,麵黑平,restaurant,25.0317833,121.5295194
6881410540,366,內湖晉田刀削麵館,restaurant,25.0779498,121.5780059
7175344726,476,木石義式歐風餐廳,restaurant,25.0302120,121.5270143
4058075208,479,J & J cafe,cafe,25.0352870,121.5766637
5822923926,400,素食自助餐,restaurant,25.0603054,121.5435696
4884189151,405,定食8,restaurant,25.0696077,121.6118035
4483354692,325,海豐,restaurant,25.0882996,121.5233890
6140337458,515,鳳城燒錄,restaurant,25.0203463,121.5336491
3959167643,762,GI GO GI 吉購吉 三峽北大店,restaurant,24.9472439,121.3747535
5661163197,555,華美台式自助餐,restaurant,25.0113713,121.5146939
5108706560,694,大骨麵手工水餃,restaurant,24.9750650,121.5424653
4820442536,433,郭三杯鹹酥雞,restaurant,25.0446478,121.4481138
5640208130,475,歐庭烘焙,cafe,25.0329239,121.5055520
7170215765,442,宜蘭正常鮮肉小籠湯包,restaurant,25.0507264,121.5815788
7138715834,288,大田館,restaurant,25.1102894,121.5341832
5404836124,139,伙伴咖啡‧自家烘焙咖啡館,cafe,25.1701172,121.4486866
4846801503,596,虎威牛排,restaurant,24.9966356,121.4634342
4298905190,514,松林早餐屋,restaurant,25.0178778,121.5284213
7004220036,363,姐姐關東煮,restaurant,25.0819994,121.5462910
2529279481,649,88鐵板燒,restaurant,24.9875904,121.5516664
6084302415,287,金鍋盃天母加盟店,restaurant,25.1074307,121.5248809
3557795439,598,黃記炒飯,restaurant,24.9982741,121.4986581
7175344780,191,朱寓芋頭米粉湯,restaurant,25.1502461,121.5484856
7057494585,72,Louisa coffe,cafe,25.2210092,121.6383863
5219051423,249,cafe no.6,cafe,25.1137784,121.5272845
2614385431,597,Starbucks,cafe,24.9969311,121.4864226
7175344625,252,HoHoGarden,restaurant,25.1221349,121.5729789
4783920817,324,呷尚寶,restaurant,25.0839935,121.5098242
7194706723,216,Cine Café,restaurant,25.1373583,121.5434087
1720009098,364,麥當勞,fast_food,25.0826890,121.5491376
6413241120,439,充滿豆豆咖啡館,cafe,25.0477977,121.5410463
2557318687,439,惠安烏龍麵,restaurant,25.0500844,121.5422559
3185537678,444,Mos Burger,fast_food,25.0563385,121.6173739
7242261466,366,強記大腸包小腸,restaurant,25.0781814,121.5785280
7169581032,440,欣海岸,restaurant,25.0478300,121.5551900
3196847499,439,李記鵝肉坊,restaurant,25.0482986,121.5466155
4425072390,325,食尚曼谷 bistro & lounge,restaurant,25.0897584,121.5255471
7175344674,477,耘華居素食茶葉,restaurant,25.0341656,121.5387313
7175334762,441,金蛋爆漿玉子燒,restaurant,25.0507510,121.5765301
4144283196,640,關山便當,restaurant,24.9787051,121.4197460
7170215726,327,黑胡,restaurant,25.0844930,121.5614691
6416194285,478,Salto pizzeria,restaurant,25.0398815,121.5561572
2912294701,138,義麵工坊,restaurant,25.1730207,121.4362719
2526182351,649,飛碟早餐,restaurant,24.9873822,121.5503836
7211425562,442,祥益素食館,restaurant,25.0454544,121.5860710
6578286272,441,必勝客,restaurant,25.0491808,121.5663466
3664309154,96,小誠鵝肉店,restaurant,25.2043732,121.4489574
3676291326,476,4MANO,cafe,25.0416120,121.5317167
2625503726,363,全仙,restaurant,25.0795301,121.5459306
6579661157,398,Modern mode café,cafe,25.0609547,121.5092555
7194706791,364,萬佳鄉早餐店,restaurant,25.0797044,121.5569701
4072953559,721,天麗泰式料理,restaurant,24.9569324,121.3559708
3052956580,401,觀景台伯朗咖啡,cafe,25.0642725,121.5508147
5236190831,287,桃子廚房,restaurant,25.1079399,121.5293000
3661063905,249,2F－蘇杭餐廳,restaurant,25.1174112,121.5224098
2347622909,477,西堤牛排,restaurant,25.0422103,121.5434908
2518367574,439,漢拏山韓式料理,restaurant,25.0483794,121.5427501
5110490317,437,妙春蓮素食,restaurant,25.0519930,121.5115947
5110348637,516,TRIBU CAFE,cafe,25.0241482,121.5547625
3835835757,325,金仙,restaurant,25.0920440,121.5250690
4031296801,439,馬友友印度酒吧,restaurant,25.0458309,121.5333173
5805935466,388,九品莊食堂,restaurant,25.0590188,121.3685978
2614385450,597,Pizza Hut,restaurant,24.9960768,121.4885844
7217153062,117,蔦燒日式居酒屋,restaurant,25.1831486,121.4476501
7095347128,440,一品活蝦,restaurant,25.0430580,121.5484606
5211903228,249,利豐本鋪,restaurant,25.1187244,121.5294922
3837459786,640,小吃店,restaurant,24.9789254,121.4205802
3412154893,601,素食小吃,restaurant,24.9928802,121.5436220
7175344730,477,原涮 樂活鍋物 Love Pot,restaurant,25.0310730,121.5474809
6158097788,400,金獅取水,restaurant,25.0580831,121.5355669
2617062103,640,悅湘,restaurant,24.9837743,121.4272568
3208558490,555,八方雲集,restaurant,25.0060665,121.5173829
2908693555,139,窩浩斯甜品,restaurant,25.1700074,121.4459756
7153752246,439,北科大餐廳,restaurant,25.0435129,121.5377314
4449757826,438,歡喜素食,restaurant,25.0514557,121.5205129
5189728523,249,胖阿姨廣東粥,restaurant,25.1197918,121.5265499
5102379624,440,Pantone Cafe,cafe,25.0520863,121.5581225
7242261476,366,滝禾製麵所,restaurant,25.0776749,121.5777511
5505377663,557,The Black Rose Cafe,cafe,25.0046961,121.5383914
3232528590,368,K&K Pasta,restaurant,25.0717462,121.6070288
3687762586,476,佳客多家常麵.湯餃,restaurant,25.0330088,121.5293017
5255083522,287,十一·食衣,restaurant,25.1066935,121.5259955
3812406124,601,日出日落早餐/莎賓娜咖啡,restaurant,24.9961653,121.5472573
3660045046,116,吳記碗粿油飯,restaurant,25.1811149,121.4434243
5274513725,476,好公道 江浙上海點心,restaurant,25.0309558,121.5294530
3232586642,405,王家小館,restaurant,25.0676666,121.6128355
3603954032,640,美而美,restaurant,24.9852782,121.4177266
3304641870,440,磚窯古早味,restaurant,25.0468354,121.5493142
5564549035,444,八方雲集,restaurant,25.0551546,121.6132570
2210700080,326,宮廷餐廳,restaurant,25.0970642,121.5446019
6024242646,185,阿忠師100元平價快炒,restaurant,25.1383927,121.4632819
7175344705,441,起司先生,restaurant,25.0502935,121.5731867
4329768673,601,古早味小吃店,restaurant,24.9953325,121.5457890
7211425758,403,太祖魷魚羮店,restaurant,25.0687309,121.5859490
6973902498,478,醉麻辣,restaurant,25.0416223,121.5546857
7271312501,139,萬華莊家班麻油雞,restaurant,25.1714996,121.4458913
7211425639,443,昆陽鍋貼專賣店,restaurant,25.0491084,121.5941449
3670374314,478,早餐屋,restaurant,25.0425653,121.5545990
3465414825,599,亞季美食店,restaurant,24.9971945,121.5044393
5201801023,325,泰揚雲泰主題餐廳,restaurant,25.0960533,121.5250410
2174595783,439,五花馬水餃館,restaurant,25.0480037,121.5405138
5219068521,249,豆好,restaurant,25.1148417,121.5278469
2302529889,330,周胖子餃子館,restaurant,25.0837445,121.5953601
2918997924,475,田舍手打麵,restaurant,25.0423292,121.5047759
5585775172,480,橘象,restaurant,25.0411521,121.5780470
7175334747,368,美鳳小吃,restaurant,25.0729570,121.6188632
3664675900,514,多多小吃,restaurant,25.0200518,121.5328423
2917167850,406,艾摩拉蔬膳房,restaurant,25.0685016,121.6323974
3654137595,437,丹堤咖啡,cafe,25.0446989,121.5155126
3270620068,438,Rooster Cafe & Vintage,cafe,25.0558976,121.5204162
6720844022,512,QBurger,fast_food,25.0244636,121.4951197
4417940089,402,鴻金寶,restaurant,25.0595465,121.5659629
2470165818,648,笑居季節料理,restaurant,24.9872704,121.5407169
3007195589,437,賽門鄧普拉,restaurant,25.0464059,121.5073646
7213007952,515,山林美食館,restaurant,25.0252880,121.5387520
4007798842,601,瑞麟美又美,restaurant,24.9916955,121.5414807
7095347133,439,毒茶,restaurant,25.0436909,121.5465519
4688621840,365,自由廣場美食街,restaurant,25.0786227,121.5729189
4820442532,471,BB板燒飯,restaurant,25.0428298,121.4483857
7287482946,479,迷客夏 milkshop 臺北虎林店,cafe,25.0402000,121.5770000
2473232896,515,憶馬當鮮馬來西亞風味料理,restaurant,25.0223155,121.5429314
3465503378,599,泰旺穆斯林泰式餐廳,restaurant,24.9968239,121.5042410
3103266653,439,咖哩爸爸,restaurant,25.0532108,121.5341624
3031454633,138,溜哥碳烤雞翅包飯,fast_food,25.1699288,121.4395139
5805935467,388,頂好香,restaurant,25.0589604,121.3685253
3232566226,405,四海遊龍東湖店,restaurant,25.0687257,121.6132874
5295481262,139,參食,restaurant,25.1704457,121.4469709
7194706922,482,魯國滷味,restaurant,25.0422041,121.6179563
7095334649,477,JAPOLI,restaurant,25.0421705,121.5453416
2378064181,648,八方雲集,restaurant,24.9755789,121.5353259
6183794944,517,八方雲集,restaurant,25.0276298,121.5633083
5556085999,477,星野銅鑼燒,restaurant,25.0410036,121.5432890
2414191498,298,橋頭排骨麵,restaurant,25.0992393,121.7612690
2469649608,439,老魏四川坦坦麵,restaurant,25.0452495,121.5363151
3528428793,439,福勝亭,restaurant,25.0517600,121.5344368
2061784662,734,85度C碧潭店,cafe,24.9581902,121.5382441
2919823786,552,快樂屋創意蔬食,restaurant,25.0120245,121.4665757
2618184104,353,50元便當,restaurant,25.0791982,121.3879222
5643524621,437,感恩牛羊肉小館,restaurant,25.0562367,121.5152937
7211425697,374,百福牛肉麵,restaurant,25.0817173,121.6984876
5564549075,298,茶居 x 臭到府 複合式餐飲,restaurant,25.1021124,121.7624565
4569701389,478,溫爾德,restaurant,25.0403690,121.5559012
6323106717,478,饗印印度料理,restaurant,25.0353405,121.5606279
4524864051,477,通化街米粉湯,restaurant,25.0294327,121.5432470
7170215777,442,鑫南洋小品,restaurant,25.0479722,121.5796890
4834803703,515,摩斯漢堡,fast_food,25.0173609,121.5449977
3835342093,649,太子拉麵,restaurant,24.9820459,121.5618698
7211425737,480,台灣第一棧,restaurant,25.0384177,121.5782162
3146899372,601,大波羅,restaurant,24.9993289,121.5391293
2880238730,439,宏冠土魠魚羹,restaurant,25.0487225,121.5420006
2450658708,478,鮮五井,restaurant,25.0419322,121.5551059
3707479473,437,天雅天丼,restaurant,25.0458976,121.5171633
2594858978,325,咖啡弄(劍潭店),cafe,25.0886325,121.5265775
4483314291,325,韓玉館,restaurant,25.0875588,121.5258564
2396910203,478,蓮池閣素食餐廳,restaurant,25.0339061,121.5501334
4147351049,511,排骨王,restaurant,25.0167168,121.4794732
7194706904,367,酆都串燒.料理,restaurant,25.0749081,121.6012011
4149458762,364,水牛城餐廳,restaurant,25.0798264,121.5480996
7211425518,479,越南東家鮮物羊肉爐,restaurant,25.0339523,121.5753313
4524864184,477,橘毛涮涮鍋,restaurant,25.0341286,121.5460788
3706010927,478,火伴串燒店,restaurant,25.0315989,121.5548589
5189801222,249,SNAIL蝸牛歐義料理,restaurant,25.1216454,121.5266326
7194706977,361,金和麵食館,restaurant,25.0718655,121.5146290
4018208844,515,伊聖詩私房書櫃,cafe,25.0241613,121.5340295
6422218521,437,Mimosa,cafe,25.0538187,121.5101507
3304641852,478,星巴克咖啡,cafe,25.0413101,121.5482331
3668791242,556,荒漠甘泉,restaurant,25.0153559,121.5322573
3419374735,401,美心食品,cafe,25.0579466,121.5503250
7194693271,366,喬福養生老麵饅頭,restaurant,25.0778285,121.5901254
7138715820,216,景福館,restaurant,25.1364651,121.5463648
5505377697,601,小涼夏食堂,restaurant,24.9972892,121.5405382
2822583080,366,知本江媽媽,restaurant,25.0828184,121.5915832
7138715780,213,粥潤花 虱目魚粥,restaurant,25.1351117,121.4986236
1837838072,365,覺旅咖啡,cafe,25.0805282,121.5681189
4383593155,601,狀元香滷味,restaurant,24.9952437,121.5451375
2758498850,437,海倫咖啡,cafe,25.0444723,121.5148842
2297914128,367,龍山魷魚肉羹,restaurant,25.0799743,121.5924432
7194706763,362,台開早餐店,restaurant,25.0733124,121.5188120
2880238734,439,真味肉圓,restaurant,25.0488164,121.5420001
2399354846,439,早吧,restaurant,25.0507834,121.5348803
4676239489,364,夫妻韓式辣年糕,restaurant,25.0835548,121.5492971
5189696122,249,京京健康早餐店,restaurant,25.1190127,121.5263757
7194693274,482,那瑪思迭印度料理,restaurant,25.0425802,121.6185844
2150409176,439,星巴克,cafe,25.0522042,121.5372039
7089441302,515,跳舞山羊咖啡,cafe,25.0254077,121.5345510
7056032337,401,勺子雜貨咖啡,cafe,25.0587629,121.5521738
3688113963,762,喬田港式料理,restaurant,24.9436018,121.3733383
2643718646,353,早餐店,restaurant,25.0767583,121.3879879
2912366402,138,璞真空間咖啡館,cafe,25.1707264,121.4382761
3459708894,556,山井美味,restaurant,25.0158239,121.5313538
3311796705,478,東區紅麵線,restaurant,25.0422406,121.5508935
3959168675,762,樂芙漢堡,restaurant,24.9474080,121.3743554
6842763090,475,Peloso Coffee Roasters,cafe,25.0334746,121.5075934
3030832541,399,大埔鐵板燒,restaurant,25.0623753,121.5279960
7211419073,374,辣媽雞排,restaurant,25.0821704,121.6962375
4709301490,325,隱趣,cafe,25.0948875,121.5224464
6367049185,477,卡菲米朗坊精品咖啡,cafe,25.0365618,121.5470268
5174346322,326,大樹下,restaurant,25.0953044,121.5446460
3377079808,515,萬家鄉,fast_food,25.0253836,121.5416703
3317275820,687,建誼現滷滷味,restaurant,24.9673098,121.4364591
3008812246,557,炙燒牛排,restaurant,25.0120181,121.5357412
4018210639,439,Tutti Cafe,cafe,25.0521992,121.5357702
4156555094,506,中壢周記牛肉麵,restaurant,25.0188331,121.4079610
5966211094,439,南香排骨飯,restaurant,25.0535279,121.5354717
3323095420,438,壹品宴湖南餐廳,restaurant,25.0522700,121.5302254
3752248725,325,永和豆漿大王,restaurant,25.0952668,121.5264890
5938459996,326,麥當勞,fast_food,25.0938659,121.5465861
5342423545,514,佳典魯肉飯,restaurant,25.0250974,121.5190831
7211485114,476,Mr.Plate盤盤,restaurant,25.0389348,121.5283357
5828241020,373,早餐店,restaurant,25.0752128,121.6828445
2784761335,551,巨人早餐店,restaurant,25.0094593,121.4555344
3809419516,599,碳之家 碳烤三明治,restaurant,25.0007190,121.5147474
3752248426,325,Burger Ray個性漢堡,restaurant,25.0953335,121.5266755
7170215714,398,台北橋頭滷肉飯,restaurant,25.0641102,121.5110787
5198337984,762,Subway三峽北大店,restaurant,24.9429310,121.3725657
4834761759,601,詹師傅全素養生餐,restaurant,24.9933456,121.5419473
6205703852,248,立新豆漿,restaurant,25.1122049,121.5151545
2651775309,249,Starbucks,cafe,25.1195990,121.5297737
7095334642,439,燒肉眾精緻炭火燒肉,restaurant,25.0431628,121.5465868
569950082,517,Schwarzwald,restaurant,25.0269138,121.5686937
7002886727,437,大阪王將,restaurant,25.0461368,121.5154102
3835323342,649,北平烤鴨,restaurant,24.9822809,121.5626227
4676239490,364,冷熱之間,restaurant,25.0829153,121.5483828
4426134966,507,永和豆漿,restaurant,25.0223682,121.4262545
6796922076,555,中田咖哩,restaurant,25.0121802,121.5141822
2203268922,734,seven waffle,cafe,24.9568753,121.5384255
4841478822,399,國賓飯店粵菜廳,restaurant,25.0569529,121.5231536
2726475935,552,金色三麥,restaurant,25.0140790,121.4669892
4407091604,552,Kiki Restaurant,restaurant,25.0123609,121.4632429
3734340199,433,八方雲集,restaurant,25.0509053,121.4480914
6354698740,439,疆毒串烤,restaurant,25.0450292,121.5422067
6763209783,478,東門小吃甜不辣,restaurant,25.0399783,121.5526552
2595303815,514,粥潤發,restaurant,25.0215923,121.5279251
4314326438,367,手工窯烤披薩專賣店,restaurant,25.0793114,121.5937617
5002733221,438,Solo Pizza,restaurant,25.0538408,121.5190943
2473232927,515,發現義大利麵,restaurant,25.0241335,121.5428167
6116235986,287,貴婦滷味,restaurant,25.1028014,121.5228131
4378795754,397,福記永和豆漿大王,restaurant,25.0675123,121.4930675
3057058928,2,覲芯精緻海鮮餐廳,restaurant,25.2918904,121.5353225
7368631809,397,寧夏鄭記台南碗粿,restaurant,25.0624307,121.4976616
2461138527,439,永吉自助餐,restaurant,25.0477994,121.5408306
2929688615,438,Broccoli Beer,restaurant,25.0476610,121.5327267
2857339291,439,肯德基,fast_food,25.0516399,121.5435442
4347522053,507,現做小籠包,restaurant,25.0194084,121.4216569
3840317457,398,248農學市集,restaurant,25.0609278,121.5093730
7004274055,213,輕鬆餐廳,restaurant,25.1377102,121.5034287
5856283860,515,丹堤咖啡,cafe,25.0244172,121.5476026
5110489762,438,Akakara,restaurant,25.0500824,121.5219940
4200642654,602,佳香北平烤鴨,restaurant,25.0015971,121.5521209
7282086687,478,豬跳舞小餐館,restaurant,25.0394442,121.5558342
3767530262,601,八方雲集,restaurant,24.9904245,121.5412214
5859230937,507,基隆甜不辣蚵仔麵線,restaurant,25.0253748,121.4242726
4121414132,438,松江8號出口,restaurant,25.0524637,121.5324877
4314375370,507,香鷄城,fast_food,25.0194878,121.4209804
4082319918,400,池上飯包,restaurant,25.0594619,121.5338247
3740347526,601,全美素食,restaurant,24.9917181,121.5401358
7175344744,368,勝太郎,restaurant,25.0729965,121.6191863
5110348646,478,Meat Love,restaurant,25.0327794,121.5591771
1720282437,405,Starbucks,cafe,25.0572563,121.6119437
3891208749,475,cama,cafe,25.0315443,121.5170563
4820442573,471,大呼過癮臭臭鍋,restaurant,25.0424393,121.4448616
3796852911,439,香港茶餐廳,restaurant,25.0447739,121.5467587
7004220047,363,祥方麵店,restaurant,25.0810748,121.5462606
3033189633,606,古早厝豆腐人文美食,restaurant,25.0012806,121.6133136
3731157009,650,小呂咖啡,cafe,24.9832681,121.5668886
4160758328,648,瑞義意麵,restaurant,24.9826000,121.5437200
5201864244,325,定食8,restaurant,25.0958346,121.5245171
2602834833,596,飯匠,restaurant,24.9988007,121.4636254
4258241551,553,勝博殿Express,restaurant,25.0063127,121.4749371
6024229161,600,深坑臭豆腐,restaurant,24.9979309,121.5226291
2594862477,325,咖啡弄(士林店),cafe,25.0949216,121.5249528
4820442582,432,迷客夏,restaurant,25.0461257,121.4447812
3723319585,557,艾芙蕾披薩,restaurant,25.0128487,121.5359294
4741052428,408,麥當勞,fast_food,25.0684868,121.6631288
3263500162,437,鄭州路牛肉麵,restaurant,25.0493769,121.5090635
4007690409,515,唐老鴨火鍋,restaurant,25.0195572,121.5333629
7213752467,437,瓦城Express,restaurant,25.0480644,121.5177783
738837566,557,Subway,fast_food,25.0131781,121.5364428
5842743664,515,老龍牛肉麵大王,restaurant,25.0259184,121.5467929
5832044903,400,田圆小倌蔬食制作厨房 Vegetarian Restaurant,restaurant,25.0587883,121.5474001
7211425554,480,清蒸肉圓,restaurant,25.0396458,121.5792603
4838087634,437,金滿園排骨,restaurant,25.0446010,121.5059399
7175344678,441,拿坡里披薩,restaurant,25.0456463,121.5761660
3881540629,437,鐵路便當,restaurant,25.0451768,121.5160451
6284503806,478,快樂屋,restaurant,25.0302587,121.5610747
3784279187,444,葉家涼麵,restaurant,25.0540989,121.6162629
6127553951,593,SHOWCAFE 秀咖啡,cafe,24.9952416,121.4287850
2618717910,211,八方雲集鍋貼水餃專賣店,restaurant,25.1339350,121.4651422
4200642661,602,八方雲集,restaurant,24.9994432,121.5570507
3270616974,438,御之香,restaurant,25.0547393,121.5203410
7211425738,480,台中脆皮臭豆腐,restaurant,25.0383045,121.5849465
7170215600,402,Costco西式餐飲部,restaurant,25.0640530,121.5758429
3929888470,601,錢都日式涮涮鍋,restaurant,24.9998962,121.5402489
3837405849,640,梅鄉養生素食館,restaurant,24.9807367,121.4242309
4198249710,438,老眷村私房菜,restaurant,25.0478387,121.5313348
5326874321,438,豪記水餃專賣店,restaurant,25.0462134,121.5190838
4520207465,732,紅麵線甜不辣,restaurant,24.9597250,121.5105115
6944250287,398,永樂米苔目,restaurant,25.0574474,121.5106464
6190366152,646,小木屋鬆餅,restaurant,24.9884550,121.5095965
2094925734,437,福州世祖胡椒餅,fast_food,25.0460916,121.5133801
3706324836,478,好滋味,cafe,25.0327140,121.5572658
3133650431,325,三商巧福,restaurant,25.0945316,121.5231378
3821097948,734,Toast麥町土司工坊,restaurant,24.9568925,121.5380423
4236823737,400,星巴克,cafe,25.0619626,121.5437394
7037337601,437,阿決小吃店,restaurant,25.0469198,121.5146403
4317096441,437,GOEE 天水圓環,cafe,25.0535048,121.5138982
2770015558,438,赤峰街排骨飯,restaurant,25.0535544,121.5190935
3837357660,598,北海漁場,restaurant,24.9975892,121.5003805
6387861298,439,川越駛,restaurant,25.0488066,121.5362911
3523782366,598,八方雲集,restaurant,24.9939646,121.5034434
7194706841,145,櫻花湖美食館,restaurant,25.1781428,121.5423562
3008120233,139,文化大學牛肉拌麵,restaurant,25.1771989,121.4486341
3689283621,434,85度C,cafe,25.0547495,121.4659610
3720429041,397,五燈獎豬腳飯,restaurant,25.0634891,121.4973644
3693598197,514,星巴克,cafe,25.0235995,121.5281878
7002879581,437,炸去啃,restaurant,25.0470454,121.5160619
3510205371,476,边边,cafe,25.0378719,121.5293579
7022030543,516,婷亭翠玉,cafe,25.0253117,121.5499422
4108971729,439,邱記清食堂,restaurant,25.0522680,121.5389405
6103764401,287,雙子星,restaurant,25.1008056,121.5245460
3744245326,359,錢都涮涮鍋,restaurant,25.0823494,121.4874429
3835323346,650,山東劉家水餃,restaurant,24.9830056,121.5655848
7211425691,442,老婆婆的蔥餅和傳統豆花,restaurant,25.0466465,121.5886990
3794607282,601,蛋幾ㄌㄟ蛋餅捲專賣店,restaurant,24.9909768,121.5411422
6405996908,514,手工包子,fast_food,25.0261530,121.5220587
6161253548,470,食全池上便當,fast_food,25.0313722,121.4338812
7194706864,361,里長伯碳烤,restaurant,25.0719706,121.5119124
2142307114,438,醬太郎火鍋,restaurant,25.0526043,121.5223402
2965364137,114,Aloha 海洋餐廳,restaurant,25.1817680,121.4132909
7211425670,442,阿來鵝肉專家,restaurant,25.0463840,121.5879773
2460626622,439,老虎醬溫州大餛飩,restaurant,25.0547295,121.5434083
6027021410,439,青島水餃,restaurant,25.0560584,121.5405893
736470054,556,星巴克,cafe,25.0138141,121.5303101
4043621281,514,夥鍋,restaurant,25.0251234,121.5189441
6235446485,322,少年,restaurant,25.0854106,121.4789637
7211419051,480,蕭園餅麵,restaurant,25.0363170,121.5780510
2619610222,437,帝一火鍋,restaurant,25.0553949,121.5149712
7194706886,444,南港無招牌好吃早餐,restaurant,25.0473174,121.6157549
7235635386,437,Brown,cafe,25.0474382,121.5170165
2318382198,514,星巴克,cafe,25.0268011,121.5228894
2493724202,433,悟饕,restaurant,25.0523924,121.4574332
2178340365,515,麥當勞,fast_food,25.0182985,121.5402480
5585775156,480,丹堤咖啡,cafe,25.0416708,121.5796246
4524863700,602,福鼎湯包店,restaurant,24.9991780,121.5566351
7175344765,405,一之軒,restaurant,25.0682700,121.6165821
3893019834,475,摩斯漢堡,fast_food,25.0420909,121.5132904
3044957733,185,三寶妹燒臘快餐,restaurant,25.1380981,121.4622631
4205229641,439,傳統切仔麵店,restaurant,25.0562192,121.5408221
4218630450,437,Subway-忠孝重慶店,fast_food,25.0470999,121.5127733
2036019437,438,麥當勞,fast_food,25.0519218,121.5254943
6844666584,476,紅番茄,restaurant,25.0428861,121.5244570
5216355723,365,貳樓,restaurant,25.0818731,121.5688528
6130126781,555,Louisa Coffee,cafe,25.0040841,121.5172070
7037337602,437,福氣來,restaurant,25.0467589,121.5152416
4587200931,439,台北寶萊納啤酒餐廳,restaurant,25.0525887,121.5443234
4384257982,476,四海游龍,restaurant,25.0403079,121.5320439
5436859493,477,le corner,restaurant,25.0328108,121.5430192
7014013585,514,龍泉街寶島牛肉麵,restaurant,25.0245169,121.5293544
3763972448,324,摩斯漢堡,fast_food,25.0964020,121.5163581
5864569029,515,雞師父雞排鹽酥雞,fast_food,25.0271468,121.5460784
4754476212,557,大埔鐵板燒,restaurant,25.0121813,121.5356293
6542562829,514,首爾之家,restaurant,25.0159768,121.5314048
7095347138,439,忻殿堂火鍋,restaurant,25.0434506,121.5479428
4160651815,399,伯朗咖啡館,restaurant,25.0674527,121.5186145
5110348777,478,双像象海鮮蒸塔,restaurant,25.0338004,121.5573110
7396617658,368,幸花雞白湯專門店,restaurant,25.0705825,121.6128462
1781298109,393,麥當勞,fast_food,25.0612483,121.4334987
3796852912,439,富樂台式涮涮鍋,restaurant,25.0448464,121.5465592
2912294901,138,番茄醬美式風味餐廳,restaurant,25.1732057,121.4358417
6513457986,514,魚雷起司三明治&薯條,restaurant,25.0161708,121.5323774
7242261475,366,甲上燒餅,restaurant,25.0777043,121.5778045
3457851843,598,飛碟漢堡店,fast_food,24.9968787,121.4996171
5779562122,325,櫻五鐵板燒,restaurant,25.0946097,121.5248340
3700536516,478,摩斯漢堡,fast_food,25.0318592,121.5586755
6769785041,388,餃子樓中樓,restaurant,25.0591453,121.3640028
2535958442,514,秘氏咖啡,cafe,25.0245609,121.5254627
5222789022,287,泰泰小館,restaurant,25.1035723,121.5220495
7021220285,399,燒鳥串場,restaurant,25.0591216,121.5303838
4452890781,506,五路鍋聖,restaurant,25.0168623,121.4025869
4664843390,477,穿石,cafe,25.0402130,121.5353305
2390505404,400,赤哥汕頭火鍋,restaurant,25.0616900,121.5339603
3881721635,694,陶板屋,restaurant,24.9740226,121.5431672
4231364573,646,永和豆漿,restaurant,24.9866058,121.5080722
5110242808,476,運浩泰料理,restaurant,25.0332483,121.5295214
5110348799,516,馬友友印度廚房,restaurant,25.0276104,121.5552502
3914416044,555,鮮蠔,restaurant,25.0081769,121.5118593
3188336799,650,松町和風小舖,restaurant,24.9859740,121.5705815
5174166222,325,三番海苔飯捲,restaurant,25.0943488,121.5222595
5757937622,325,老虎堂,cafe,25.0899595,121.5260470
5110489271,437,杏樂屋,restaurant,25.0431057,121.5074816
3981536202,365,小蒙牛,restaurant,25.0819504,121.5665028
7211419046,480,舊店舖小吃坊,restaurant,25.0420488,121.5874978
5702457371,639,ELK駝鹿美式餐廳,restaurant,24.9863797,121.4139138
2375893211,478,麥當勞,fast_food,25.0394227,121.5574327
3795798508,188,少帥禪園,restaurant,25.1385252,121.5137009
5893852745,353,聖易軒麵食館,restaurant,25.0761299,121.3859303
4344542444,439,瑞麟美而美,restaurant,25.0544053,121.5349289
3835342099,649,星巴克,cafe,24.9818867,121.5610410
4571567731,139,淡江食坊,restaurant,25.1738453,121.4513154
5110490235,437,滿漢牛肉麵食堂,restaurant,25.0461032,121.5078364
3716597067,352,丼工坊,restaurant,25.0777517,121.3743324
7235632172,437,天地人炭火燒肉飯,restaurant,25.0481013,121.5165176
4854951826,438,35 小品,fast_food,25.0549486,121.5302748
6317546194,515,鼎貴小吃店,restaurant,25.0216823,121.5408234
2557318799,439,富呷香便當店,restaurant,25.0501604,121.5422904
3670374313,478,新星味,restaurant,25.0419287,121.5549457
6182991542,433,85度C,cafe,25.0530301,121.4546419
5564549077,298,雞將雞排,restaurant,25.1016819,121.7623673
6176758331,694,鴉片粉圓,restaurant,24.9736402,121.5338013
4149564841,514,台南小吃,restaurant,25.0162162,121.5323238
5052921367,399,雙連高記水餃,restaurant,25.0578933,121.5215023
3104135082,439,台灣牛,restaurant,25.0541069,121.5346778
3038430905,138,Pizza Roma,restaurant,25.1731959,121.4355098
7138715821,216,蘭陽派雞排,restaurant,25.1367712,121.5466520
3232541698,367,橘鄉廚房,restaurant,25.0717697,121.6052656
5938833874,514,Jana Cafe,cafe,25.0225621,121.5294757
7213007955,515,高和食堂,restaurant,25.0218161,121.5427626
7194706781,145,湖田橋,restaurant,25.1704242,121.5387456
5109347751,514,必勝客,fast_food,25.0228644,121.5280914
5981892285,478,築の藏 東京築地市場丼飯店,restaurant,25.0388422,121.5541466
2947161055,441,Benson's Sushi Restaurant,restaurant,25.0498237,121.5660408
7022030535,516,豪品精牧川菜,restaurant,25.0281638,121.5507469
3881540558,437,餃匠,restaurant,25.0441505,121.5161432
2079684617,438,老叢茶舖,cafe,25.0445581,121.5291842
4524863884,476,三娘香菇肉粥,restaurant,25.0326786,121.5185986
2415942438,516,星巴克,cafe,25.0254484,121.5490742
2930799004,139,貴族派脆皮雞排,fast_food,25.1741507,121.4519521
6156191726,478,富老爺元氣早餐屋,restaurant,25.0336915,121.5589491
5951199323,476,溫叨 Cafe,restaurant,25.0345084,121.5324426
7211425636,403,松哥餐飲店,restaurant,25.0676820,121.5861108
7213752461,250,瓦城,restaurant,25.1177963,121.5340474
7175344768,512,大維製麵廠,restaurant,25.0183864,121.5006847
5088772981,474,小南鄭記,restaurant,25.0355642,121.4992199
2378065036,694,迴轉壽司,restaurant,24.9734122,121.5432768
4452770293,397,肯德基,fast_food,25.0629587,121.4995409
4273014392,444,傳說水煎包,restaurant,25.0546827,121.6140303
7175344555,192,麻油雞，炒野菜,restaurant,25.1390667,121.5714318
7175344786,441,圓圓燒,restaurant,25.0504737,121.5749668
4082319372,400,北方麵店搶鍋麵,restaurant,25.0596394,121.5349175
2927561301,138,淡水紅樓中餐廳,restaurant,25.1711971,121.4394295
4102737890,214,滿來溫泉拉麵,restaurant,25.1369912,121.5047573
2884948051,329,紅橘子,restaurant,25.0886347,121.5863994
6720844036,398,D.G.Cafe,cafe,25.0621285,121.5090619
3104138129,438,普莉斯茶館,cafe,25.0530380,121.5309968
2643354070,353,三多燒臘,restaurant,25.0789378,121.3905643
4945137021,398,爭鮮迴轉壽司,restaurant,25.0590996,121.5141001
2473232940,515,溫州大混沌,restaurant,25.0228235,121.5412040
2171051932,330,牛肉麵鋪子,restaurant,25.0845224,121.5958861
7194706830,363,魚鄉屋湘菜餐廳,restaurant,25.0779982,121.5462237
5590410737,480,十信素食,restaurant,25.0429664,121.5803132
4811388822,438,無老鍋,restaurant,25.0544801,121.5223985
4206677963,399,21工房,restaurant,25.0698652,121.5197369
3867794078,439,好萊料理屋,restaurant,25.0534576,121.5346141
1411751369,596,1/2鬆餅廚房,restaurant,24.9965989,121.4630551
4572251389,478,Dumplings,restaurant,25.0359858,121.5577484
7365923869,397,阿燕羊肉羹,restaurant,25.0656692,121.4987420
4325693443,517,創義麵,restaurant,25.0280921,121.5638508
6549014567,476,三進自助餐,restaurant,25.0301900,121.5270918
3700823869,396,頂呱呱,fast_food,25.0677436,121.4818194
4104062190,399,老董牛肉麵,restaurant,25.0578278,121.5208834
4820442548,471,八方雲集,restaurant,25.0395032,121.4497001
5110348579,440,嚐刻湯包,restaurant,25.0513644,121.5569685
7004289008,479,Sawadee,restaurant,25.0338346,121.5644860
6939523052,399,滿庭香滷肉飯,restaurant,25.0584786,121.5191451
4108947169,515,Toh-A桌藏,restaurant,25.0224186,121.5404027
5110489277,438,魯山人,restaurant,25.0490322,121.5209178
6117536376,325,Pasta Panda,restaurant,25.0845729,121.5218513
4031296847,400,劍持屋,restaurant,25.0618631,121.5353010
5195339821,388,紅門蚵仔麵線,restaurant,25.0594130,121.3691927
6199024086,287,一極鮮熱炒,restaurant,25.1016323,121.5223451
6499715251,438,魚庄,restaurant,25.0498916,121.5240508
7002886737,437,珊瑚橘 LIVING CORAL,restaurant,25.0459062,121.5151792
6024229163,600,八方雲集,restaurant,24.9990920,121.5260237
7211425786,480,大方冰品,restaurant,25.0361685,121.5777406
5666895656,399,學餐:麵包店,restaurant,25.0659697,121.5215453
5205477526,249,王朝滷味,restaurant,25.1185764,121.5265780
4837986577,478,炙魂碳烤專門店,restaurant,25.0299150,121.5555953
6323106746,437,銀座杏子豬排,restaurant,25.0490290,121.5181674
3835351293,649,金多寶肉圓,restaurant,24.9811221,121.5605119
5141132815,369,八丼餚,restaurant,25.0709545,121.6309297
7095334650,477,繼光香香雞,restaurant,25.0421773,121.5454564
2157338940,400,爭鮮迴轉壽司,restaurant,25.0603969,121.5334293
4524863585,477,周記麵館,restaurant,25.0358914,121.5439163
3924752776,475,Subway 小南門店,fast_food,25.0351162,121.5077084
4031296831,439,滿滿初牛,restaurant,25.0513272,121.5346513
2181061773,138,文化阿給,restaurant,25.1737185,121.4375390
2285210364,439,周胖子餃子館,restaurant,25.0531396,121.5403749
6323106713,478,HUHA 創意粥品,restaurant,25.0344326,121.5599778
7194706975,326,大腸包小腸,restaurant,25.0969938,121.5443750
2912288101,138,淡水天光,cafe,25.1704316,121.4395507
7215602004,469,咕咕G廚房,restaurant,25.0315714,121.4212543
3909253699,640,河政生蠔王,restaurant,24.9792212,121.4187669
2410161316,516,滿燒肉丼食堂,restaurant,25.0272354,121.5555280
3581160294,438,星巴克,cafe,25.0445517,121.5252440
6559456885,398,拉亞漢堡,fast_food,25.0658112,121.5166237
4031296800,439,Caffe Chat,cafe,25.0516726,121.5403297
2289018105,211,爐鍋咖啡,cafe,25.1242477,121.4667318
5261574072,388,東方泰國小館,restaurant,25.0585365,121.3697695
2978373417,599,摩斯漢堡MOSBURGER,fast_food,25.0016181,121.5100632
5689710840,557,牛丼食堂,restaurant,25.0034726,121.5384114
2529318113,649,丐幫滷味 木柵分舵,restaurant,24.9876584,121.5521664
7365964031,397,寶神日式涮涮鍋,restaurant,25.0662872,121.4985365
5802926794,388,大王麵匠,restaurant,25.0588993,121.3684725
6924533508,476,首爾炸雞,fast_food,25.0362353,121.5278989
7169581017,440,安京洙,restaurant,25.0493210,121.5552048
7037337585,476,魚バカ,restaurant,25.0350366,121.5270223
4325694171,601,義蘿蒂義大利麵,restaurant,24.9919822,121.5432582
5172437521,249,味覺本家,restaurant,25.1189983,121.5250667
3786347646,514,集客人間茶館,restaurant,25.0176067,121.5325862
2410161305,516,王記府城肉粽,restaurant,25.0273882,121.5556892
4329278307,640,義集讚,restaurant,24.9801410,121.4170845
4312418440,366,鮮芋仙,restaurant,25.0805890,121.5914127
7213752466,438,瓦城,restaurant,25.0521562,121.5211453
2143411197,364,金宴,restaurant,25.0833512,121.5596162
4307625974,514,Subway,fast_food,25.0272774,121.5258344
4344543608,798,鳶山村喧品饕友,restaurant,24.9304494,121.3623897
6126379844,555,莘美台式自助餐,restaurant,25.0110973,121.5148950
7194706776,364,Dear Cafe,restaurant,25.0795281,121.5599104
5406579043,139,河岳樓風味茶館,restaurant,25.1710615,121.4458097
4307554243,248,金樺城鴨肉擔,restaurant,25.1166951,121.5159042
6015827389,322,中華鹽酥雞,fast_food,25.0851791,121.4788772
4007798811,601,Rain Sound Coffee,cafe,24.9948836,121.5424877
6189317569,360,媽媽滷味,restaurant,25.0731057,121.4893104
5556141253,476,老張牛肉麵,restaurant,25.0389111,121.5254815
2656074193,440,摩斯漢堡,fast_food,25.0506128,121.5626211
6569447327,437,廖嬌米粉湯,restaurant,25.0431903,121.5046223
7004220056,363,永昌蕃茄牛肉麵,restaurant,25.0816295,121.5459537
3821097942,734,元氣早餐吧,restaurant,24.9548720,121.5371933
3510141602,551,湾島呷早頓,restaurant,25.0107869,121.4558659
2392237970,400,田園甘味房手工豆花,restaurant,25.0608889,121.5349775
1994809468,552,區運小館,restaurant,25.0103843,121.4667188
7130799935,401,季吉GG韓國餐館,restaurant,25.0570756,121.5524589
4859203322,475,精緻早餐,restaurant,25.0406068,121.5047831
6103641071,287,福圓糖水舖,restaurant,25.1023790,121.5243955
5275355544,439,Kodawari,restaurant,25.0430001,121.5474075
7175344668,477,真書軒 The Jen Library,cafe,25.0339955,121.5360508
3835351693,649,可口早餐店,restaurant,24.9808950,121.5606860
6354698702,439,萬華陳記腸苛麵線,restaurant,25.0508064,121.5437758
1837852875,327,漢堡王,fast_food,25.0837129,121.5557918
6709918285,438,三角三圓,restaurant,25.0553348,121.5202763
4988203329,469,必勝客,fast_food,25.0350215,121.4219648
3414695411,598,發現義大利麵,restaurant,25.0019457,121.4981603
3826876368,514,爭鮮迴轉壽司,restaurant,25.0180326,121.5332661
4205230082,439,陽春麵,restaurant,25.0560044,121.5411364
4524863728,400,摩斯漢堡,fast_food,25.0625618,121.5412507
6024222529,517,廣香廚素食館,restaurant,25.0270527,121.5665349
5917357408,507,咖竅 Cotcha Coffee,cafe,25.0190668,121.4223663
2460626654,439,鍋爸涮涮鍋,restaurant,25.0544160,121.5433869
2912528401,139,碳烤王,fast_food,25.1743589,121.4519118
7194693224,698,映月茶館,restaurant,24.9732204,121.6002332
5586700880,557,我家涼麵,restaurant,25.0138407,121.5338161
3704216328,438,妍而美早餐店,restaurant,25.0542866,121.5314627
3825998768,557,夢駝鈴,restaurant,25.0142562,121.5332975
7194706952,444,南桂坊農情館,restaurant,25.0529874,121.6126341
3047363029,439,台北花見日式家庭料理咖啡,restaurant,25.0526143,121.5360529
2297381845,439,台式熱炒,restaurant,25.0560535,121.5364842
7211425598,480,珍香鍋貼水餃專賣店,restaurant,25.0379596,121.5792006
5110488939,364,炙金燒極熱燒烤,restaurant,25.0821408,121.5517219
2912292701,138,英國奶奶,restaurant,25.1716026,121.4382658
7296140587,437,吉馥十全排骨,restaurant,25.0517860,121.5135290
7002886739,437,丸亀製麵,restaurant,25.0460618,121.5152926
5211989521,249,香港肉焿,restaurant,25.1161294,121.5321344
6314600444,439,玫瑰夫人,restaurant,25.0522887,121.5387292
6463282886,408,五角菜飯,restaurant,25.0650791,121.6530590
3744240096,359,喜羊羊,restaurant,25.0823189,121.4877106
3716488485,352,永和豆漿,restaurant,25.0758835,121.3850472
2618674812,211,三商巧福,restaurant,25.1374063,121.4602854
7130799947,401,黑輪担,restaurant,25.0573105,121.5531126
3640956920,593,星巴克 樹林中山門市,cafe,24.9888136,121.4220429
5110349935,367,金礦咖啡,cafe,25.0832295,121.5942211
3835323350,650,集品鐵板燒,restaurant,24.9833490,121.5668086
7175344734,441,好味屋餐廳,restaurant,25.0462099,121.5719444
3700823290,396,八方雲集,restaurant,25.0675802,121.4820470
4200643958,558,美式ABC早餐坊,restaurant,25.0025584,121.5514482
4147351040,511,吉野家,restaurant,25.0181290,121.4790239
3492626248,598,呷尚寶,restaurant,24.9938309,121.4994218
5168913707,362,金龍廳,restaurant,25.0790213,121.5264276
5564542402,444,蓁好呷精緻早午餐,restaurant,25.0548232,121.6103239
5108706581,648,乾隆坊,restaurant,24.9830948,121.5393670
4269582565,439,瑞麟美而美,restaurant,25.0511401,121.5434801
2593828215,478,咖啡弄(敦化店),cafe,25.0424549,121.5516338
4344542414,438,京東燒烤,restaurant,25.0506534,121.5320683
6698271380,396,極の八丼,restaurant,25.0661509,121.4827683
3835349526,649,玉口香 扁食園,restaurant,24.9863889,121.5608839
2692744324,593,荷田,restaurant,24.9915465,121.4227464
3923129137,474,周記肉粥店,restaurant,25.0364517,121.5022124
2198983753,366,陳家牛肉麵,restaurant,25.0784975,121.5911099
3100255229,648,家和日本料理,restaurant,24.9805602,121.5415848
3317275824,687,摩斯漢堡土城永寧店,fast_food,24.9670399,121.4361313
5515959700,437,黑毛屋,restaurant,25.0472170,121.5171776
2923648822,475,福州乾拌麵,restaurant,25.0398310,121.5055219
2168050357,593,摩斯漢堡,fast_food,24.9909937,121.4229994
5197926723,249,澠井川 日氏串燒居酒屋,restaurant,25.1185630,121.5288940
4360380427,515,山林美食館,restaurant,25.0230261,121.5411965
7365964044,397,三重知高飯,restaurant,25.0659523,121.4986436
2209949949,734,葳尼斯牛排義大利麵,restaurant,24.9584595,121.5382593
7211522201,437,Y11出口小吃攤,restaurant,25.0490861,121.5155725
4253208199,514,e Coffee,cafe,25.0164248,121.5304709
6587809188,515,麥味登,restaurant,25.0223235,121.5435583
4325693440,606,八家,restaurant,25.0007775,121.6108826
4978451939,478,札榥炎神拉麵,restaurant,25.0397321,121.5553172
4331589090,365,洪師父牛肉麵,restaurant,25.0724972,121.5759368
3292775605,510,四季香手工饅頭,restaurant,25.0175349,121.4638407
5266028751,216,輔大豬排,restaurant,25.1373740,121.5423243
5577816887,516,布朗奇咖啡,cafe,25.0235289,121.5482785
7365964027,397,手作羮，赤肉羮,restaurant,25.0660287,121.4986161
4253208217,514,孫東寶台式牛排專賣店,restaurant,25.0182253,121.5310514
6323106737,437,Izumi Curry,restaurant,25.0492865,121.5170556
7194706863,444,家傳牛肉麵,restaurant,25.0532537,121.6158593
4254654887,515,胖胖原味麻辣,restaurant,25.0236569,121.5432128
7125458197,437,薩莉亞,restaurant,25.0461045,121.5147342
5872901320,399,大三鱻快炒店,restaurant,25.0583185,121.5244277
6130097072,599,Mr. Brown Coffee,cafe,24.9983469,121.5165261
6354698763,477,路易莎,cafe,25.0427523,121.5442083
6028674871,593,日本火鍋精品專賣店,restaurant,24.9934943,121.4279351
7169581028,440,秦小姐豆漿店,restaurant,25.0472747,121.5535380
4033147891,694,三媽臭臭鍋,restaurant,24.9657478,121.5404799
3510150585,798,東道飲食亭,restaurant,24.9340313,121.3684561
5745524942,640,敘樹Miona,cafe,24.9779106,121.4159279
6176758346,694,仁愛素食自助餐,restaurant,24.9751444,121.5365744
3541454284,761,阿榮快餐便當,restaurant,24.9378591,121.3626240
5564542408,444,鹿鼎鹿肉火鍋快炒,restaurant,25.0555253,121.6106176
5085736345,436,富莉米苔目,restaurant,25.0438906,121.5035160
7170215741,443,南港臺灣真有味鹽酥雞,restaurant,25.0524071,121.5933935
7175344661,252,松青農園,restaurant,25.1235132,121.5727320
7211425594,404,美又美早餐店,restaurant,25.0571315,121.6008801
3909253729,640,素食臭豆腐,restaurant,24.9798052,121.4183940
7213007959,515,源士林粥品,restaurant,25.0218398,121.5429229
4236823727,476,常春藤,restaurant,25.0331298,121.5292122
7194706691,190,F103複合式餐飲,restaurant,25.1381178,121.5461480
7368962861,397,周式燒麻糬,cafe,25.0666223,121.4984170
3901061354,325,北極光創意料理,restaurant,25.0956381,121.5266078
3536200497,438,和樂美餐飲,restaurant,25.0460993,121.5195040
2072628444,514,璐巴咖啡店,cafe,25.0196674,121.5316660
2290850450,510,85度c,cafe,25.0185314,121.4612553
5187686124,325,池上便當,restaurant,25.0926234,121.5258870
4298940678,478,湄河泰國越南料理,restaurant,25.0394503,121.5552055
5775287274,601,楊記麻辣牛肉麵,restaurant,25.0019235,121.5417615
7211425754,480,巨林美而美,restaurant,25.0361076,121.5783570
3835339695,650,利吉堡早餐店,restaurant,24.9847446,121.5636449
3835316831,649,天津蔥抓餅,restaurant,24.9816136,121.5579898
4329768675,287,台北陶園經典飯店,restaurant,25.1022708,121.5230078
5236350222,287,第一家鹽酥雞,restaurant,25.1083813,121.5282414
5245509724,325,牛魔王牛排,restaurant,25.0892920,121.5244500
4634250689,476,楊家麵食館,restaurant,25.0330350,121.5201906
2177300266,731,我家廚房,restaurant,24.9494367,121.4994707
5185305522,249,鳳城燒臘粵菜,restaurant,25.1195902,121.5262670
7170215775,442,牛排,restaurant,25.0472660,121.5808570
2302597353,367,男子漢居酒屋,restaurant,25.0818495,121.5970203
5551946521,514,麗江南洋麵食館,restaurant,25.0236520,121.5290656
5593484124,325,洋蔥,restaurant,25.0960503,121.5283347
3377063669,515,森之豆,fast_food,25.0266250,121.5417313
2751198278,438,食全池上便當,restaurant,25.0439754,121.5229888
7394554101,405,金仙,restaurant,25.0691468,121.6149851
7175344500,477,誇許早午餐,restaurant,25.0306726,121.5432741
6871573255,478,湊一鍋,restaurant,25.0404704,121.5499918
2302570580,367,The Puok Bar,restaurant,25.0830943,121.5959094
4107002491,515,越南牛肉河粉,restaurant,25.0252590,121.5452220
2928698301,139,筑園快炒店,restaurant,25.1697512,121.4462454
3939158049,476,永康刀削麵,restaurant,25.0311734,121.5292460
2178510629,602,創義麵Creative Pasta萬芳店,restaurant,25.0002352,121.5563635
5110490240,437,西門魚河岸居酒屋,restaurant,25.0464260,121.5072175
5110348806,439,維斯拖托咖啡,cafe,25.0529256,121.5473369
5564549025,444,Mian Jee's Indian & Pakistani Food,restaurant,25.0541616,121.6153787
3959169088,762,阿師炸雞屋,restaurant,24.9474399,121.3731437
736441878,556,星巴克,cafe,25.0154142,121.5332020
3328449240,598,清心福全冷飲站,cafe,24.9960560,121.4893695
4820442551,471,龜山島,restaurant,25.0397680,121.4507672
5187710426,325,文林飯包,restaurant,25.0924433,121.5259863
2912319601,138,Bigtom 美國冰淇淋文化館,restaurant,25.1731427,121.4356092
3233930327,552,煙囪咖啡,cafe,25.0156610,121.4675504
7175344733,512,蔡家蚵仔麵線,restaurant,25.0203983,121.4962077
7194706837,362,806魯肉飯清粥,restaurant,25.0739225,121.5193774
4205230084,400,香港周記燒臘快餐,restaurant,25.0634372,121.5448106
5110245023,513,蔡萬興老店,restaurant,25.0283330,121.5180565
7175344603,441,永吉飯包,restaurant,25.0452892,121.5772446
7052738998,439,佳味薌食堂,restaurant,25.0486754,121.5360591
7002886746,437,瓦城泰國料理,restaurant,25.0462164,121.5151780
4963866785,470,老葉牛肉,restaurant,25.0318304,121.4336726
4837986520,439,本多日本料理,restaurant,25.0527831,121.5464799
5256904121,249,炭火燒肉三明治,restaurant,25.1107377,121.5295178
7211425789,443,上海湯包,restaurant,25.0495621,121.5936115
4082319499,400,還我牛美式炭烤牛排餐廳,restaurant,25.0596052,121.5345116
2410088474,477,檸檬草火鍋店,restaurant,25.0342244,121.5460776
5199741122,248,凱古早味切仔麵,restaurant,25.1111016,121.5161588
6512315385,400,金香,restaurant,25.0603948,121.5344731
4828343925,475,草山金工,cafe,25.0420281,121.5138973
6182991552,433,繼光香香雞,restaurant,25.0489672,121.4481092
7282086086,437,胖老爹重慶圓環店美式炸雞,fast_food,25.0534900,121.5143877
3888838524,513,流金歲月,restaurant,25.0258855,121.5051711
2392237987,400,晨曦早午餐,restaurant,25.0614747,121.5349724
6894204670,397,綠堤Coffee,cafe,25.0625326,121.5001121
4338628220,475,Jolly,restaurant,25.0421768,121.5119314
6180492023,599,派克雞排,restaurant,24.9893103,121.5099021
3232519761,367,快樂早餐店,restaurant,25.0720093,121.6062313
6152835285,351,韓師傅 韓國小吃,restaurant,25.0798123,121.3702353
6579661152,398,孵咖啡洋館,cafe,25.0581947,121.5103193
3904251379,599,魔力早餐,fast_food,24.9966900,121.5111199
6357749131,514,麵線,restaurant,25.0229603,121.5209730
5895630071,352,阿拉丁手工豆花,cafe,25.0762335,121.3727107
7175344797,476,三進自助式餐廳,restaurant,25.0301957,121.5270706
3744263763,325,麥當勞,fast_food,25.0838488,121.5233100
3473215493,439,彰化三串窟蛤子麵,restaurant,25.0531296,121.5349201
6568146961,439,美嘉自助餐,restaurant,25.0502877,121.5445778
5236191125,287,大中華粥麵館,restaurant,25.1073912,121.5277645
4734252654,442,25號廚房,restaurant,25.0450833,121.5807392
4170162889,399,晴贊豆花,restaurant,25.0642534,121.5230406
3727152548,440,黃家牛肉麵,restaurant,25.0487658,121.5543610
4236823704,400,丹提咖啡,cafe,25.0615506,121.5439181
2643672672,353,鍋加鍋,restaurant,25.0776155,121.3903680
5255070024,287,巴黎薄餅,restaurant,25.1069735,121.5260293
7211425630,479,玫瑰木42號,restaurant,25.0378049,121.5761086
4269582544,439,吉生自助餐,restaurant,25.0513281,121.5434908
5110488715,399,根記虱目魚專賣店,restaurant,25.0593250,121.5217349
7216987767,437,紅燒土鯽魚鯗,restaurant,25.0551911,121.5110046
2908557823,139,達美樂披薩,fast_food,25.1679910,121.4468031
7112865690,515,中保無限家,cafe,25.0257831,121.5336467
5917357479,507,西門町楊排骨酥麵,restaurant,25.0213616,121.4223871
4782159342,324,美而美延平旗艦店,restaurant,25.0855453,121.5094668
7211425771,442,小確幸早餐,restaurant,25.0466438,121.5883008
7175344757,211,八方雲集,restaurant,25.1279916,121.4681767
7211425776,480,小竹屋日式料理,restaurant,25.0382451,121.5782001
5198337987,762,麗媽四季火鍋 三峽北大國際店,restaurant,24.9432356,121.3726496
4344542416,248,來契川菜,restaurant,25.1201441,121.5110125
2924917845,598,麥當勞,fast_food,25.0015190,121.4999479
3835316271,649,柳哥排骨,restaurant,24.9810072,121.5575425
2643718509,353,Cherry Brnch早餐,restaurant,25.0779432,121.3871499
3889230209,399,三商巧福,restaurant,25.0630390,121.5209447
7001372011,472,晶宴會館,restaurant,25.0425992,121.4602840
2718996178,552,Alley Cat,restaurant,25.0121619,121.4631032
7130799919,400,八珍小吃,restaurant,25.0611055,121.5476708
6153516052,437,Baroness,restaurant,25.0436157,121.5133026
2837820263,557,順園小館,restaurant,25.0123135,121.5355568
3955465460,440,PK coffee‧food,cafe,25.0532733,121.5608967
7235632170,437,一之軒,restaurant,25.0480601,121.5168772
6317506250,95,小鳥窩,restaurant,25.1983693,121.4384640
6624620224,475,犢立牛肉麵,restaurant,25.0397365,121.5052244
1982299403,515,自家烘焙咖啡館,cafe,25.0234984,121.5435893
3463451829,598,麵之彩日本麵館,restaurant,24.9966829,121.5005132
4298928196,478,陶板屋,restaurant,25.0395463,121.5574231
2137518609,480,施家麻油腰花,restaurant,25.0377472,121.5779410
4149564879,514,蔥丼,restaurant,25.0160255,121.5322837
6261510810,398,好杯咖啡,cafe,25.0657478,121.5173638
4458682195,598,金紅乾拌麵,restaurant,24.9989581,121.4990468
2772751775,648,永和豆漿,restaurant,24.9830906,121.5385539
5732975758,648,頂峰鐵板燒,restaurant,24.9860145,121.5461793
2923881157,398,日月蔬食坊,restaurant,25.0632888,121.5172789
4058518156,601,現殺手霸味薑母鴨,restaurant,24.9987592,121.5449563
5551859421,514,米哥烘培坊,restaurant,25.0260658,121.5229059
2755629544,438,93蕃茄牛肉麵,restaurant,25.0440835,121.5215600
7394554103,405,大肉食堂,restaurant,25.0694741,121.6135097
4198249716,438,香鍋瓦舍精品火鍋,restaurant,25.0482851,121.5321946
5106589915,399,CoCo 都可茶飲,cafe,25.0604066,121.5254311
3740826523,724,大餅飯城,restaurant,24.9564751,121.3908092
4524863605,408,北味香永和豆漿大王,restaurant,25.0665462,121.6554983
3547976745,438,九寨,restaurant,25.0493723,121.5230750
3724579691,358,鬍鬚張,restaurant,25.0836020,121.4620726
4085092836,514,笠原麵食館,restaurant,25.0196819,121.5318268
6182991541,433,路易莎,cafe,25.0533733,121.4548153
2914262902,114,星巴克,cafe,25.1822066,121.4137349
3835295061,437,福來許,cafe,25.0556889,121.5099081
3846215748,650,九尾雞羊肉爐,restaurant,24.9824981,121.5637747
2379751403,439,巷口美食坊,restaurant,25.0514879,121.5376125
4043621272,513,御香園餐廳,restaurant,25.0259128,121.5047243
6140771051,401,La Vita,cafe,25.0582551,121.5514845
3154666481,515,香料廚房,restaurant,25.0232653,121.5409696
7194693277,399,女王漢堡,restaurant,25.0683149,121.5234774
5924219705,601,岳家小吃,restaurant,25.0012410,121.5397364
3006036115,437,Sunny Cafe,cafe,25.0464054,121.5099261
4828071521,606,老地方,restaurant,25.0011760,121.6132320
7194706738,399,印度小吃真好吃,restaurant,25.0699118,121.5225066
6064312685,438,韓國食堂韓舍,restaurant,25.0558690,121.5231590
3953673680,440,廣東粥,restaurant,25.0526148,121.5608625
7211419067,404,澳門聯華,restaurant,25.0569498,121.6005897
4343743489,327,加貝爾廚藝工作坊,restaurant,25.0847245,121.5571893
7153752257,439,胖老爹美式炸雞,restaurant,25.0445742,121.5342560
4683579111,248,台灣惠蓀咖啡,cafe,25.1212545,121.5130026
7153752255,439,朱確幸食堂,restaurant,25.0445065,121.5346571
3756157721,365,飯 bar,restaurant,25.0811360,121.5706122
3328450050,598,金津焢肉排骨便當,restaurant,24.9976452,121.4944279
2473232889,515,珍品味泰式炭烤,restaurant,25.0219534,121.5429260
4507665996,515,Living One,restaurant,25.0179497,121.5445342
3508602397,438,牙買加倉庫,cafe,25.0505745,121.5200278
3767530311,648,番薯の店生猛活海鮮,restaurant,24.9885928,121.5410039
5110348210,441,楊記大餛飩,restaurant,25.0511502,121.5632148
2404665092,438,古都担仔麵,restaurant,25.0509528,121.5231739
2595303823,514,義麵館,restaurant,25.0218136,121.5277260
6205094681,478,上島咖啡店,cafe,25.0422052,121.5492675
4754476721,515,點亮咖啡,cafe,25.0232091,121.5432176
2307156604,366,茶研觀色,cafe,25.0824559,121.5917923
1832682099,365,McDonald's,fast_food,25.0824456,121.5661191
6527965385,509,大庭牛肉麵,restaurant,25.0177886,121.4575586
4082740393,516,傳家肉羹,restaurant,25.0210257,121.5548024
3043949039,439,I'm PASTA,restaurant,25.0532095,121.5336985
7211425710,443,多多小吃店,restaurant,25.0540838,121.5966979
5141154642,369,10元壽司,restaurant,25.0705827,121.6293526
2470166246,648,眾饕,restaurant,24.9865570,121.5406935
7215571066,507,美而美,restaurant,25.0216307,121.4244216
5515959708,437,Moni咖哩,restaurant,25.0481409,121.5165255
3290323919,552,順億鮪魚專賣店,restaurant,25.0157349,121.4676205
3732199922,513,暗角咖啡,cafe,25.0272133,121.5182253
3448231036,439,Mucho Mucho Café,cafe,25.0443018,121.5456739
5219060923,249,皮塔地中海料理,restaurant,25.1148317,121.5278083
3510492234,192,19號水岸咖啡館,cafe,25.1447365,121.5672370
3510127866,553,103 Kitchen,restaurant,25.0124803,121.4751594
6189317574,360,緣味陽春麵,restaurant,25.0722418,121.4899545
4837986507,439,川鍋魯旦,restaurant,25.0528630,121.5364183
5472286744,479,一幻拉麵,restaurant,25.0354562,121.5681005
2974262533,640,麵麵聚到熱炒,restaurant,24.9879060,121.4290090
5110501366,249,石二鍋,restaurant,25.1181496,121.5259140
7194706946,444,孫東寶,restaurant,25.0533549,121.6164450
7194693232,650,大鬍子老爹麵店,restaurant,24.9884948,121.5738207
7175344742,477,池上木片便當,restaurant,25.0342390,121.5374310
5707073557,642,路易莎咖啡Louisa coffee,cafe,24.9868922,121.4507728
5110490236,437,麥町吐司工房,restaurant,25.0463592,121.5075279
3881457561,437,局烤壽司,restaurant,25.0453554,121.5161556
2772749949,648,蘭陵酒肆,restaurant,24.9833246,121.5411180
4826321921,358,湯姆餐酒館蘆洲店,restaurant,25.0825992,121.4621015
7194706710,603,樂山食堂,restaurant,24.9889814,121.5736208
5699174871,515,香吧佬,restaurant,25.0288163,121.5407167
6134996995,440,Dozo,restaurant,25.0433762,121.5575202
3794607284,601,酥香雞排專賣店,restaurant,24.9910418,121.5411502
4545809289,248,石牌手工蛋餅,restaurant,25.1133809,121.5099160
4298881347,557,得記麻辣,restaurant,25.0145068,121.5335670
7296140586,477,cyclo 洛城牛肉粉,restaurant,25.0422000,121.5467149
7130799900,401,三友拉麵,restaurant,25.0577165,121.5551314
7194706999,650,高句麗,restaurant,24.9875480,121.5768399
4058518152,601,元榮小食堂,restaurant,24.9988317,121.5444948
4384259227,648,香祥海鮮店,restaurant,24.9850716,121.5420364
7170215768,442,京棧便當店,restaurant,25.0511437,121.5811000
6903439594,438,滷味,restaurant,25.0529897,121.5322839
7194706903,482,小籠包,restaurant,25.0421269,121.6179191
6343932887,441,黑吧,cafe,25.0513492,121.5638602
4449012492,514,便當店,restaurant,25.0222885,121.5190486
4838087737,437,半島咖啡,cafe,25.0432798,121.5079621
6979240915,507,承運鐵板燒,restaurant,25.0242562,121.4242823
2188367087,400,桐花客家私房料理,restaurant,25.0580785,121.5377562
3888805254,369,八方雲集,restaurant,25.0707581,121.6300801
4345662336,476,天然臺湘菜館,restaurant,25.0316492,121.5193261
3151314576,433,卍 鹽酥雞滷味素食,restaurant,25.0452698,121.4496078
7175344557,366,融上布朗奇,restaurant,25.0767574,121.5852115
2181061776,138,老牌阿給,restaurant,25.1736511,121.4375836
2632608882,388,麥當勞,fast_food,25.0691679,121.3701961
7175344787,211,關渡吉得堡早餐店,restaurant,25.1268052,121.4671360
4409250610,399,老李原汁牛肉麵,restaurant,25.0667601,121.5303079
3925604458,363,Mr. Wish,restaurant,25.0831667,121.5464258
5875366019,475,小樂沙茶火鍋,restaurant,25.0421618,121.5057984
1993682446,514,找點心,cafe,25.0253928,121.5312565
3835835219,325,臺灣味魯肉飯米粉湯,restaurant,25.0838149,121.5193058
4563648141,398,鬍鬚張美食文化館,restaurant,25.0567855,121.5154735
7194706800,325,官也溫菜,restaurant,25.0932126,121.5272037
5052921356,399,楓葉鐵板燒,restaurant,25.0573433,121.5249532
4328118607,557,臭豆腐,restaurant,25.0127119,121.5356456
5564542411,444,新民街快炒,restaurant,25.0559573,121.6117939
4239442692,437,杏子豬排,restaurant,25.0492729,121.5172201
5116321921,440,有心咖啡,cafe,25.0508559,121.5598241
5802926790,388,義大利人,restaurant,25.0587917,121.3682663
2912988706,475,老王記牛肉麵,restaurant,25.0416477,121.5105365
3683880611,478,莊記小館,restaurant,25.0317272,121.5546155
6323106744,437,天吉屋,restaurant,25.0493303,121.5181191
2166428733,398,涼洲街越南美食,restaurant,25.0595975,121.5156160
4301001269,439,瞞著爹,restaurant,25.0464730,121.5458734
5137490356,473,好煮義 文聖店,restaurant,25.0309355,121.4769040
3408985694,694,北鴨鴨肉羹,restaurant,24.9625677,121.5396868
6763230485,478,1+1鍋物,restaurant,25.0399820,121.5527853
7211425711,374,回鄉麵家,restaurant,25.0820560,121.6958141
485688385,249,茉莉漢堡,fast_food,25.1155718,121.5282244
3781593460,139,合風食堂,restaurant,25.1745015,121.4525851
2806281111,367,七海酒樓,restaurant,25.0829418,121.5932553
2638610782,399,双連口仔湯,restaurant,25.0573037,121.5188941
6180428002,371,蘭亭序火鍋店,restaurant,25.0719081,121.6521657
7170215710,398,祥記純糖麻糬,restaurant,25.0637244,121.5110457
7138715805,213,鼎膳便當簡餐,restaurant,25.1357613,121.5031224
7012058296,325,Noodle Soup Shilin,restaurant,25.0891201,121.5262283
2084825232,438,一間茶屋,cafe,25.0446814,121.5289914
3707814372,762,北大萬寶133,restaurant,24.9450842,121.3775409
7211425525,480,粥師傅廣東粥,restaurant,25.0376784,121.5780275
3416064601,598,精緻全自助餐,restaurant,25.0007900,121.4996900
2473809949,514,佳奇燒烤飯,restaurant,25.0167357,121.5306544
5239564391,643,甲尚寶早餐店,restaurant,24.9857671,121.4657187
7211425567,403,華珍燒臘快餐,restaurant,25.0672189,121.5858624
7008885107,438,福州老舖乾麵,restaurant,25.0535972,121.5192208
3098548178,330,荷田素食館,restaurant,25.0849635,121.5978538
6190337448,593,福勝亭,restaurant,24.9972747,121.4211633
3510136773,511,Yummy Brunch,restaurant,25.0160942,121.4747086
3664673418,514,半路,cafe,25.0201537,121.5316738
5699174910,477,印加媽媽祕魯餐館,restaurant,25.0308298,121.5439609
7175344699,442,品客多,restaurant,25.0512520,121.5785323
5515932507,437,韓國媽媽烤肉,restaurant,25.0509182,121.5165668
5637382097,388,美川越南料理,restaurant,25.0590674,121.3687001
2209949948,734,鬍鬚張魯肉飯,restaurant,24.9584156,121.5382263
5611885371,476,徐州路二號庭園會館,restaurant,25.0407851,121.5208679
4838087702,398,波麗路,restaurant,25.0567656,121.5119553
3846400904,439,八珍小吃,restaurant,25.0526358,121.5354309
4235796405,437,阿毛石頭燉飯,restaurant,25.0442587,121.5075481
5378179013,213,古店廣式餐廳,restaurant,25.1363416,121.4962787
5481718821,399,稻香石磨腸粉,restaurant,25.0610824,121.5316729
3793993694,440,老店食堂,restaurant,25.0499862,121.5607096
2785031811,692,大豐生入元,restaurant,24.9689393,121.5161617
2460626619,439,一本燒肉飯,restaurant,25.0540054,121.5435934
4574573817,516,louisa coffee,restaurant,25.0240890,121.5558536
7211425785,443,大正元麥亨堡,restaurant,25.0552985,121.5963222
5263221421,215,八方雲集,restaurant,25.1246736,121.5325528
7130802061,400,松柏自助餐,restaurant,25.0613625,121.5478321
5025837968,595,娃丫爸池上飯包便當,restaurant,24.9947870,121.4520516
7022030517,516,鮨處律,restaurant,25.0285222,121.5504572
4890335202,601,鮮蚵之家,restaurant,24.9951190,121.5453682
6183165585,438,新長春餐館,restaurant,25.0543786,121.5222804
2392237971,400,小麟素食,restaurant,25.0607621,121.5349768
7194706761,145,和風美食,restaurant,25.1776106,121.5345311
6134452961,437,開丼,restaurant,25.0456686,121.5170956
2947161056,441,Xiao Mama Boiled Dumplings,restaurant,25.0524674,121.5664646
5108706602,734,家味私房牛肉麵,restaurant,24.9538522,121.5404689
2470166074,648,歐爺熱炒,restaurant,24.9864193,121.5407477
3362752682,762,番茄廚房,restaurant,24.9350758,121.3729857
3198261316,474,義窩風Pasta,restaurant,25.0314625,121.5006554
7170228284,187,古早味魷魚羹,restaurant,25.1451619,121.4944319
5201824623,325,Cup o Story,cafe,25.0967413,121.5252086
5211474923,249,來記豆漿,restaurant,25.1117620,121.5270726
4198238510,438,三友拉麵,restaurant,25.0517467,121.5274108
7004248035,364,本場香川宮武讃岐烏龍麵,restaurant,25.0830424,121.5569699
4453014125,397,荳荳早餐店,restaurant,25.0618645,121.5001030
2142307116,438,85度C,cafe,25.0502846,121.5199636
5251477701,399,家和素食,restaurant,25.0600433,121.5219008
6090446033,325,珍珠的傳說,restaurant,25.0881527,121.5240021
2558218111,366,CaLACaLA,restaurant,25.0735969,121.5784571
5850862620,117,源味滷肉飯,restaurant,25.1790879,121.4496768
2321736273,287,小貓花園,cafe,25.1023378,121.5223183
3424895600,598,河童居酒食堂,restaurant,25.0023243,121.4987956
6694180170,472,東野日本料理店,restaurant,25.0304033,121.4729696
5380908924,399,綠帯CAFE,cafe,25.0649945,121.5266231
3699875993,444,義猶未盡藝大利麵,restaurant,25.0453557,121.6151685
5463352821,477,大安煎包,restaurant,25.0326778,121.5433381
5564549073,298,999小吃店,restaurant,25.1029132,121.7640463
3835349587,649,活力早餐店,restaurant,24.9783615,121.5554229
5972197771,441,Mico Coffee,cafe,25.0550411,121.5633713
5515959716,437,一鼎,restaurant,25.0475802,121.5163953
6530591785,642,海力士,restaurant,24.9863738,121.4536135
2611788709,596,狀元麵館,restaurant,24.9959527,121.4606335
7194706705,444,粨一桌食藝料理,restaurant,25.0532350,121.6174846
2643752446,353,小吃麵店,restaurant,25.0829528,121.3875609
4329768656,438,Mo-Mo-Paradise,restaurant,25.0520265,121.5218535
3780638676,648,豪鼎飯店 北新旗艦館,restaurant,24.9842248,121.5399449
3012324261,515,姐妹小吃,restaurant,25.0254370,121.5416642
2391800641,362,勇伯米粉湯,fast_food,25.0798110,121.5200380
2912337101,138,行運燒臘,restaurant,25.1703724,121.4445181
3667038436,601,孟奶奶私房菜,restaurant,24.9979303,121.5477488
2947161054,441,Breakfast Restaurant,restaurant,25.0497350,121.5662461
3704217025,438,人人素食麵館,restaurant,25.0542416,121.5314585
2340183174,515,自助餐,fast_food,25.0181324,121.5402733
2912272401,139,金仙魚丸店,restaurant,25.1699219,121.4461596
6700210230,476,清邁城泰國料理,restaurant,25.0315395,121.5285851
7175344566,512,養生蔬果吧,restaurant,25.0222494,121.4976378
2460626584,439,長春鵝肉,restaurant,25.0533885,121.5433282
5851985026,398,老地方牛肉麵,restaurant,25.0673760,121.5173346
6028851345,438,心味酒肴居酒屋,restaurant,25.0489513,121.5214220
4716462793,443,大呼過癮(昆陽店),restaurant,25.0516121,121.5936786
4557475889,325,豐盛號 早餐餐廳,restaurant,25.0949368,121.5263097
2607298696,437,明星西點咖啡,restaurant,25.0441441,121.5127610
6134452976,437,讚岐製麵所,restaurant,25.0461799,121.5164697
3419805458,552,1973繼光香香雞,restaurant,25.0084668,121.4597753
569950081,517,上品早餐坊,restaurant,25.0246511,121.5691845
3668760075,640,早餐店,restaurant,24.9771711,121.4169476
4359025065,442,三媽臭臭鍋,restaurant,25.0497927,121.5921413
6939523055,399,雙連街滷肉飯,restaurant,25.0579392,121.5192202
7175344774,513,林家豬腸冬粉,restaurant,25.0291069,121.5091780
4207707333,514,吉他好朋友咖啡,cafe,25.0199357,121.5280583
7194706792,325,富允牛排館,restaurant,25.0969720,121.5326713
3835323344,650,火鍋世家 涮涮屋,restaurant,24.9825815,121.5639608
3854472485,557,雪球咖啡,cafe,25.0141115,121.5338045
6579380113,398,錢都,restaurant,25.0660172,121.5109294
3750223147,515,早餐店,fast_food,25.0249602,121.5466471
5736948102,556,建邦餃子館,restaurant,25.0158644,121.5319211
4329769299,601,林家豬腳,restaurant,24.9967074,121.5475895
1837949781,328,派克雞排,fast_food,25.0839155,121.5672157
5110491048,399,YiMo韓餐桌,restaurant,25.0635678,121.5230415
7175344680,211,鄭媽媽早餐店,restaurant,25.1269422,121.4670894
3660404557,734,驛站担子麵,restaurant,24.9588617,121.5388617
2630767864,599,必勝客披薩,fast_food,24.9905826,121.5122482
6604354985,365,春芳號,cafe,25.0829670,121.5662775
5917357451,507,王功快炒,restaurant,25.0227765,121.4230404
3473215993,439,大王麵線,restaurant,25.0526047,121.5346090
7211425741,442,古早味米粉湯，飯，麵,restaurant,25.0450749,121.5862940
3216077748,476,古典玫瑰園台北永康店,restaurant,25.0321057,121.5290076
6188986706,397,八方雲集 (三重三和夜市店),restaurant,25.0679487,121.5002450
3031418533,138,佐野拉麵,restaurant,25.1696627,121.4415960
7112817688,514,欒樹下書房 / 咖啡廳,cafe,25.0232821,121.5332221
3889227327,399,多禮咖啡,cafe,25.0610529,121.5211406
7170215721,398,大橋頭魯肉飯,restaurant,25.0653754,121.5109658
2718780533,479,鼎泰豐,restaurant,25.0334657,121.5645173
2473232900,515,喬治派克經典好茶,cafe,25.0226194,121.5429233
3711235926,287,港味燒臘,restaurant,25.1040477,121.5211807
5597858314,191,野菜屋,restaurant,25.1500482,121.5499868
2529516151,648,摩根漢堡,fast_food,24.9867479,121.5467566
3727152543,440,艾隆義式麵食館,restaurant,25.0484113,121.5543555
5219062222,249,茉莉小吃店,restaurant,25.1147502,121.5277655
7282087888,476,小美好牛肉麵,restaurant,25.0352811,121.5276149
7014000787,441,陳董藥燉排骨攤位,fast_food,25.0506788,121.5756913
7211425812,479,PIZZA HUT必勝客,restaurant,25.0354454,121.5773478
2800635240,363,Shark Bites Toast,restaurant,25.0834691,121.5464286
6090342292,325,台南東區焦糖煉乳包心粉圓,restaurant,25.0904577,121.5243315
4810840724,213,吉野家,restaurant,25.1342338,121.5005241
3643870387,511,三采新鐵板料理,restaurant,25.0169509,121.4762489
5002732821,365,美式校園輕食餐廳,restaurant,25.0810850,121.5663804
3761232560,593,乃-冰鎮滷味,restaurant,24.9895702,121.4221659
3885482859,216,夜店,restaurant,25.1338469,121.5356462
4007690407,515,Drop Coffee House,cafe,25.0190789,121.5335436
4820442543,433,潤餅,restaurant,25.0443643,121.4527939
5286833894,602,吉野家,restaurant,24.9995065,121.5569641
7211419081,480,福德飯包,restaurant,25.0391200,121.5865256
7194706978,368,安提.司朵,restaurant,25.0761462,121.6073954
6578286274,441,胖子小吃,restaurant,25.0490848,121.5657927
7211419034,403,懷舊鐵道便當,restaurant,25.0686892,121.5850483
7211425752,442,心蔬果滷味麵線(素食),restaurant,25.0443362,121.5846771
2618674814,211,鬍鬚張,restaurant,25.1375546,121.4602451
5189723723,249,古早味排骨酥麵,restaurant,25.1193837,121.5264243
4491638985,439,三友拉麵,restaurant,25.0539086,121.5458560
3270256364,441,ConfitRémi 黑米Café‧Bistro,restaurant,25.0433117,121.5631210
2203268927,734,金仁越南小吃,restaurant,24.9567182,121.5381783
5853563030,515,春喜炭火燒肉,restaurant,25.0278861,121.5432536
3525956679,438,星巴克,cafe,25.0449739,121.5309674
4167717189,479,丸龜製麵,restaurant,25.0387996,121.5667640
4794578023,232,阿春姨五十年古早味老店,restaurant,25.1246459,121.9168063
5137264039,438,德佈咖啡,cafe,25.0467393,121.5318003
3044964235,211,夫妻小籠包,restaurant,25.1368265,121.4612119
3043947189,439,鮮義香自助餐,restaurant,25.0532040,121.5336654
2179271668,289,媞米咖啡,cafe,25.1008242,121.5517044
5666895657,399,學餐:手搖飲料店,restaurant,25.0661474,121.5216896
2318382782,514,爭鮮迴轉壽司,restaurant,25.0265962,121.5230316
2440534984,475,OHMY咖,restaurant,25.0429352,121.5043476
7194693240,361,金牌正味薑母鴨,restaurant,25.0714517,121.5092804
995691464,478,MOS Burger,fast_food,25.0300196,121.5511699
3473215294,439,濤濤壽司屋,restaurant,25.0526173,121.5342944
3232579972,405,鬍鬚張魯肉飯,restaurant,25.0684568,121.6148517
5512802386,552,弘爺漢堡敲敲店,restaurant,25.0121555,121.4707998
6210526811,287,關東煮食堂,restaurant,25.1028262,121.5212917
4325693905,601,茱莉亞早餐坊,restaurant,24.9922093,121.5430380
4820442578,432,嘉義粉條冰,restaurant,25.0448914,121.4446592
6697490075,477,漢堡 三明治 早點,restaurant,25.0407973,121.5439639
5694591433,399,海大富居酒屋,restaurant,25.0575048,121.5247310
4018218998,734,幸福鍋,restaurant,24.9613593,121.5390738
7194706877,216,自助餐廳,restaurant,25.1355331,121.5380102
2939314774,399,食在地 台灣素,restaurant,25.0604130,121.5310076
5110348592,478,艾樂咖啡,cafe,25.0310623,121.5587656
2971153826,433,雲林真吳記鴨莊,restaurant,25.0482542,121.4524716
7175344584,366,台北泰,restaurant,25.0777059,121.5834313
4269582534,439,Machikaka Wacafe,restaurant,25.0513645,121.5433640
6027654411,469,鮮天下,fast_food,25.0396288,121.4247990
5110489230,398,賴家蛤仔煎,restaurant,25.0569317,121.5162154
6117585608,325,D調複合式餐坊,restaurant,25.0845194,121.5223279
5184233793,478,蔬河,restaurant,25.0429387,121.5549947
4524864555,515,小李子,restaurant,25.0287638,121.5432201
5867166126,514,Coffee Run Cafe,cafe,25.0245960,121.5222657
7211425570,374,笑咪咪包子饅頭店,restaurant,25.0819241,121.6991633
3727564327,439,風味范盒,restaurant,25.0539080,121.5336568
4848126668,478,鳥咖啡,cafe,25.0332650,121.5587184
4465903046,593,CO CO,cafe,24.9950347,121.4227022
1720014706,364,溫莎小品,cafe,25.0800927,121.5513664
7175344506,368,青島餃子館,restaurant,25.0751271,121.6170247
6876041264,602,北平餡餅粥,restaurant,25.0006054,121.5496639
7037337586,476,東門關東煮,restaurant,25.0350280,121.5268573
3840857844,399,老虎醬溫州大餛飩,restaurant,25.0580463,121.5323302
2376924767,440,小山堂,restaurant,25.0435128,121.5616180
5110348548,441,沈家香菇肉粥,restaurant,25.0503649,121.5712347
4301004795,439,清風SeFa58,restaurant,25.0434893,121.5473199
5342423546,514,享滋鐵板燒,restaurant,25.0251533,121.5188578
7194706843,361,采吉軒紅豆專門店,restaurant,25.0730528,121.5143428
7020972485,439,はま壽司,restaurant,25.0515976,121.5452756
3812405155,601,胖咖哩,restaurant,24.9952633,121.5448198
4124789190,510,海釣船餐廳,restaurant,25.0235139,121.4741731
4384259025,648,白甘蔗涮涮屋,restaurant,24.9827653,121.5427560
7211425620,480,林口街拉麵,restaurant,25.0381979,121.5795248
7211425510,403,黑米燒肉丼,restaurant,25.0687205,121.5855569
2460626616,439,哇哉!!豬腳飯,restaurant,25.0536623,121.5434067
7374057279,365,兄弟麵館,restaurant,25.0816411,121.5722447
5802926791,388,刈包,restaurant,25.0587236,121.3682229
6585779686,477,NoName咖哩,restaurant,25.0327970,121.5418285
3626227403,600,三塊厝鵝家莊,restaurant,24.9973625,121.5264685
2953730243,649,石二鍋 台北興隆店,restaurant,24.9848404,121.5616429
4434517890,479,iPasta,restaurant,25.0393343,121.5669491
3450799244,598,高仕涼麵壽司,restaurant,24.9974553,121.4943852
2908660968,138,瓦城泰國料理,restaurant,25.1692572,121.4447928
3887825440,478,摩斯漢堡,fast_food,25.0346223,121.5572491
2302589903,367,康師傅,restaurant,25.0831478,121.5962259
7213007972,515,卡瓦利印度料理,restaurant,25.0228594,121.5427740
7170215592,402,夏慕尼新香榭鐵板燒,restaurant,25.0620880,121.5764585
5141136609,369,吳媽北港滷肉飯專賣店,restaurant,25.0706366,121.6298702
7211425578,480,徐家素食麵,restaurant,25.0380395,121.5849153
6499700482,478,咳肉石鍋,restaurant,25.0356539,121.5572847
5505377670,601,大易園,restaurant,25.0003628,121.5400521
4990009721,514,巫云,restaurant,25.0174134,121.5301254
5205479223,249,西雅圖咖啡,cafe,25.1185372,121.5271194
3842796970,602,爭鮮回轉壽司,restaurant,25.0013990,121.5534601
5509041251,542,阿芳石花凍,cafe,25.0162626,121.9447100
7375244982,438,食屋,restaurant,25.0515305,121.5213507
6440503676,507,四維包子,fast_food,25.0236565,121.4232665
2316045627,650,摩斯漢堡,fast_food,24.9878915,121.5749066
2756655317,437,祥意素食館,restaurant,25.0448783,121.5169714
6063645462,325,忠誠號蚵仔煎,restaurant,25.0877319,121.5243167
7170228278,187,金仙魚丸店,restaurant,25.1451845,121.4954612
5845316855,515,劉家飯糰,fast_food,25.0249649,121.5453892
7037337596,476,郭老師,restaurant,25.0351011,121.5256264
3245728370,510,油庫口蚵仔麵線,restaurant,25.0189190,121.4668818
3729190713,138,拔絲地瓜芋頭,fast_food,25.1684959,121.4438006
4031296865,438,牟鮮涮涮鍋,restaurant,25.0508231,121.5332849
6654202350,437,Ka Ra Da Factory,restaurant,25.0449490,121.5133441
5564542403,444,特美味盒餐,restaurant,25.0556423,121.6113308
2124843052,399,麥當勞,fast_food,25.0577091,121.5204193
2179747921,400,魚翅肉羹,restaurant,25.0657291,121.5409163
4142882687,648,燦爛和食,restaurant,24.9827735,121.5424832
2913815731,116,和食上都,restaurant,25.1883332,121.4433552
738835617,514,3 Idiots toast & curry,fast_food,25.0188742,121.5317265
6429684171,439,平衡點咖啡,cafe,25.0454982,121.5425876
2899366920,444,全盛肉粽便當,restaurant,25.0513898,121.6156615
2614649194,366,我家牛排,restaurant,25.0786584,121.5894407
4524863761,437,小春樓滷味,restaurant,25.0532266,121.5170356
2591751476,402,三碗豬腳,restaurant,25.0629687,121.5658823
4820442586,432,橘子工坊,restaurant,25.0491777,121.4447322
5779562120,325,7盎司牛排,restaurant,25.0941956,121.5250003
2596246242,439,榕樹下海鮮店,restaurant,25.0534001,121.5419222
7153752234,439,藝文展演空間｜行者,restaurant,25.0441525,121.5421250
7022030584,438,瑞麟美而美,restaurant,25.0537059,121.5314504
2174889602,593,85C,cafe,24.9912490,121.4231657
4301001257,477,一品活蝦,restaurant,25.0419583,121.5479737
6377083285,437,尚雯媽媽手工早餐,restaurant,25.0521024,121.5121666
3860789086,593,好想吃鍋燒意麵,restaurant,24.9914514,121.4227298
3656220730,476,大排檔香港茶餐廳,restaurant,25.0328723,121.5282649
7175344573,512,萬華佳佳香鍋貼,restaurant,25.0217948,121.4985614
6103764402,287,廣澤擔仔麵,restaurant,25.1005665,121.5235093
2215948932,555,麥當勞,fast_food,25.0024958,121.5108358
2787513553,478,woogo,cafe,25.0402556,121.5515789
2690924194,476,鋤燒鍋物料理,restaurant,25.0296947,121.5218948
4043625904,601,冬鮮堂,cafe,24.9901026,121.5412625
5256871722,249,美味香中西式早餐,restaurant,25.1107354,121.5294557
6188959121,408,台灣味,restaurant,25.0668441,121.6624490
5579540523,325,佶品評價料理小館,restaurant,25.0946093,121.5278693
4837986458,439,大韓豆腐鍋,restaurant,25.0526769,121.5336695
7138715826,216,茗記燒臘,restaurant,25.1376891,121.5464278
3723319590,557,頂呱呱,fast_food,25.0129518,121.5358308
2712423503,552,春水堂人文茶館,restaurant,25.0124791,121.4632644
4334127491,557,窗口,fast_food,25.0137778,121.5334990
3596859092,439,麻犇堂(囍糖)本舖,cafe,25.0471121,121.5416068
3369451080,249,阿財水餃,restaurant,25.1174027,121.5322789
3188337377,650,北平餡餅粥,restaurant,24.9856574,121.5706737
7211425660,442,阿嬤的米粉湯,restaurant,25.0466762,121.5886410
5236241182,287,善緣堂素食館,restaurant,25.1079071,121.5286870
4331081332,478,台南肉伯火雞肉飯,restaurant,25.0332572,121.5588058
4043625923,601,蛋包飯達人,restaurant,24.9898286,121.5413647
7170215593,402,中一排骨,restaurant,25.0628181,121.5755841
4198238522,438,暹廚,restaurant,25.0510893,121.5302527
4837986545,478,靜園典藏台北菜,restaurant,25.0334318,121.5514433
3721304897,515,協和切麵店,restaurant,25.0279129,121.5408543
7211439845,440,滿漢爐魚,restaurant,25.0458165,121.5575543
3323032696,601,偵軒精緻日式小火鍋(整修),restaurant,24.9997954,121.5396153
6885204885,437,壹玖木巷,cafe,25.0495941,121.5157678
2669558727,650,越南小吃,restaurant,24.9882233,121.5764615
5519686324,388,文化永和豆漿,restaurant,25.0671321,121.3648535
4203708890,817,阿牛小吃部,restaurant,24.9340539,121.6462594
7170228279,187,發記麻辣火鍋,restaurant,25.1453654,121.4944756
4149564848,556,店長米粉湯,restaurant,25.0155789,121.5324961
4071081914,478,Burger Fix,fast_food,25.0395506,121.5503288
5110489798,437,狗一下居酒食堂,restaurant,25.0458671,121.5065364
7365923874,397,林記臭豆腐、大腸麵線,restaurant,25.0646245,121.4992123
5286867838,602,路易．莎咖啡,cafe,24.9989706,121.5581470
3724691192,180,85度C,cafe,25.1466070,121.3974986
5315906030,517,九湯屋,restaurant,25.0282713,121.5637206
5110488943,439,LAVAZZA,cafe,25.0509667,121.5383906
5212075124,514,微迷野林,cafe,25.0214526,121.5320412
4552371041,139,淡大鹽水雞,restaurant,25.1774165,121.4492045
5875366013,475,清香沙茶火鍋,restaurant,25.0424181,121.5056522
2096004816,438,雞家莊,restaurant,25.0550128,121.5261699
3830584716,514,彩椒廚房,restaurant,25.0196905,121.5318933
3704216427,438,騾老么牛肉麵,restaurant,25.0541433,121.5314714
3473216294,439,台灣咖哩,restaurant,25.0529818,121.5340544
7211419066,403,緣早餐店,restaurant,25.0670458,121.5889766
4298897604,476,八仙炭烤,restaurant,25.0318455,121.5328566
7175344589,211,千戶厚切牛排,restaurant,25.1279564,121.4674643
7194707007,482,Eddy’s Kitchen,restaurant,25.0404034,121.6197594
3932009125,555,天饗素食坊,restaurant,25.0081693,121.5167508
2071356259,304,阿妹茶樓,restaurant,25.1085348,121.8436634
2912242179,139,彩日式拉麵,restaurant,25.1688727,121.4458526
6881370461,438,美濃屋,restaurant,25.0488453,121.5254686
6116347159,287,辣中間,restaurant,25.1022082,121.5251701
4018209500,478,黑貓食堂,restaurant,25.0334601,121.5595277
2876188525,437,劉山東牛肉麵,restaurant,25.0457328,121.5137778
3793993695,440,萬芳冰室,restaurant,25.0502404,121.5607111
6029650167,552,すき家,restaurant,25.0104324,121.4631008
7170228280,187,美珠傳統小吃,restaurant,25.1453559,121.4946491
7170215773,442,真味肉圓,restaurant,25.0484162,121.5813489
7211425599,443,炭味家燒烤飯食,restaurant,25.0497121,121.5939576
4627640537,476,老張牛肉麵,restaurant,25.0375927,121.5259144
2667124123,648,可口豬腳大王,restaurant,24.9826616,121.5412255
3887820862,476,翁記水煎包,restaurant,25.0402927,121.5325564
5160610940,692,鹽水雞,restaurant,24.9744568,121.5174386
5864552977,515,呷尚寶早餐店,fast_food,25.0271534,121.5460416
3723319586,557,洮客美式漢堡,restaurant,25.0131225,121.5356417
2967750119,475,怡客咖啡,cafe,25.0321109,121.5164011
4578582851,475,春天涼麵,restaurant,25.0300690,121.5161176
3788508668,213,拿玻里披薩北投店,restaurant,25.1350123,121.4990296
6578286273,441,福記紅白鍋,restaurant,25.0490848,121.5658410
3008135313,477,比特幣咖啡,cafe,25.0417534,121.5478182
7194706773,606,阿柔洋房,restaurant,24.9971967,121.6131834
2734137827,555,素食,restaurant,25.0036024,121.5062235
4993623289,640,紫金四季蔬食餐廳,restaurant,24.9880098,121.4185890
7175344527,477,儂特利,restaurant,25.0337067,121.5391554
4370054136,367,豐橋,restaurant,25.0736007,121.6041910
3704216327,438,牛易館牛肉麵,restaurant,25.0535589,121.5319128
6284503804,478,六朝天丼,restaurant,25.0304002,121.5607837
4307603567,287,洪樓小館,restaurant,25.1034126,121.5220388
3704437887,437,胡椒餅,restaurant,25.0515064,121.5137307
4820442544,433,滷味,restaurant,25.0446388,121.4527805
4193156696,439,瞞著爹 壽司店,restaurant,25.0468376,121.5452995
6156191723,478,356越南河粉,restaurant,25.0336878,121.5590389
2912322201,138,榕堤水灣餐廳,restaurant,25.1718744,121.4366782
3725673590,640,新港小棧生炒鴨肉羹,restaurant,24.9799330,121.4183143
3341995473,640,各式炸物香菇肉粥,restaurant,24.9829237,121.4228806
7211425601,480,活醉蝦海產,restaurant,25.0382479,121.5791945
7211425683,403,吾家味涼麵,restaurant,25.0680568,121.5859258
3944645628,477,濟南鮮湯包,restaurant,25.0400430,121.5342958
5495196121,325,百八龍拉麵,restaurant,25.0918439,121.5253572
4524863739,400,坦都印度餐廳,restaurant,25.0586976,121.5400581
4043625915,601,獨特牛排館,restaurant,24.9896560,121.5413001
7235635391,437,太興茶餐廳,restaurant,25.0481106,121.5175306
871610962,369,Organic Chateau,restaurant,25.0716145,121.6308085
4837986564,478,石家割包,restaurant,25.0313910,121.5543613
2386458515,438,摩斯漢堡,fast_food,25.0438187,121.5264191
6028755546,593,樹林紅麵線,restaurant,24.9933953,121.4273487
7175344512,186,老爹手工蔥大餅,restaurant,25.1406204,121.4884105
6028698346,593,越南168小吃,restaurant,24.9943725,121.4269721
6096017210,325,海羊專業羊肉鍋,restaurant,25.0884540,121.5205700
3637170878,557,發福廚房,restaurant,25.0150711,121.5336398
4943536821,478,拉拉熊咖啡廳,cafe,25.0407959,121.5541610
2090614029,694,閾靈咖啡館,cafe,24.9721744,121.5420001
3328449239,598,海宴日式和風涮涮屋,restaurant,24.9997796,121.4961794
5110348578,440,肥後屋大石家拉麵,restaurant,25.0513506,121.5570627
4312392757,366,陳記腸蚵麵線,restaurant,25.0801488,121.5920955
3794607146,601,北港平價熱炒,restaurant,24.9924266,121.5413593
7213789579,479,欣葉.台菜,restaurant,25.0370360,121.5668203
4118442360,437,亞特咖啡豆行,cafe,25.0457521,121.5143158
5110348728,440,小龍飲食,restaurant,25.0478988,121.5592793
3835316783,649,向日葵早餐店,restaurant,24.9810665,121.5577779
6353691306,330,麥當勞,fast_food,25.0844785,121.5941559
4103137890,437,小吳牛肉麵,restaurant,25.0476946,121.5083466
4198238521,438,早點豆漿,restaurant,25.0513413,121.5282678
4733393889,368,米荳尼早午餐,restaurant,25.0721298,121.6103013
4200643092,601,麥味登,restaurant,24.9965580,121.5448282
4277687734,598,肉肉主義鍋pork鍋,restaurant,25.0020867,121.4996177
3044962234,211,金瑞珍海鮮快炒,restaurant,25.1361581,121.4621440
3511888327,510,華川宴 板橋直營店,restaurant,25.0217269,121.4596689
5110348678,440,生猛活海鮮,restaurant,25.0525634,121.5524716
3270313661,476,家味陳媽媽便當美食坊,restaurant,25.0328577,121.5289850
5286850716,602,漢林早餐店,restaurant,24.9986047,121.5581779
3328449215,598,傳奇,cafe,24.9960902,121.4895350
4552078590,401,Haaya咖啡,cafe,25.0586221,121.5497569
6969436650,694,毛毛咖啡早餐,restaurant,24.9682994,121.5403506
6176413345,598,弘爺漢堡,fast_food,24.9979320,121.5019116
3450729727,598,吉兆園日本料理,restaurant,25.0016687,121.4997198
4820442550,471,愛心雞蛋糕,restaurant,25.0388606,121.4475019
6738085291,799,老先覺(小火鍋),restaurant,24.9295044,121.3748717
2799088228,433,永和豆漿,restaurant,25.0531915,121.4580640
3881259477,514,蘇杭點心店,restaurant,25.0287183,121.5209457
3835317073,649,拉亞漢堡,restaurant,24.9809507,121.5572131
5509010396,301,悟饕池上飯包,restaurant,25.1067620,121.8067561
5377091322,407,家常煲仔飯,restaurant,25.0658335,121.6421452
6112504138,325,鵝肉川,restaurant,25.0844160,121.5231949
6805098961,443,蘇記小吃店,restaurant,25.0559510,121.6065300
5608337821,325,黑米燒肉丼,restaurant,25.0970801,121.5241704
3040361933,138,藤喜家勾勾冰霜淇淋,fast_food,25.1687218,121.4432741
3402180793,479,金鼎港式燒臘,restaurant,25.0423278,121.5632760
3336481893,213,真鶴日本料理,restaurant,25.1306915,121.5001774
7365963986,397,鼎記手工肉羹,restaurant,25.0664540,121.4986128
4229976982,360,漁師生魚舖,restaurant,25.0739035,121.4919135
3448231035,439,Café 515,cafe,25.0443162,121.5448336
5141136123,369,愛宏早餐店,restaurant,25.0707350,121.6300455
5198337979,762,石二鍋三峽大學店,restaurant,24.9430844,121.3747778
7138715789,213,卡茲香雞排,restaurant,25.1334615,121.5023592
3910221558,138,淡水行,fast_food,25.1690286,121.4437253
2470166947,477,饌味香,restaurant,25.0422288,121.5398110
4384257978,478,博勝殿,restaurant,25.0394255,121.5569232
7365964052,397,信義公園豬血湯,restaurant,25.0653038,121.4989922
2058250154,515,靈感咖啡,cafe,25.0189117,121.5334899
4031296821,439,勝田豬排,restaurant,25.0525499,121.5448662
5160649290,116,三商巧福,restaurant,25.1878267,121.4433777
4911177348,514,薩利亞,restaurant,25.0268333,121.5290535
5601648221,438,又一村,restaurant,25.0492377,121.5265721
4426737579,549,永和豆漿,restaurant,25.0101732,121.4249414
6112447365,325,和風食堂,restaurant,25.0845982,121.5227228
2625503737,363,二派克脆皮雞排,restaurant,25.0797189,121.5464805
3881721578,694,楓林小館,restaurant,24.9750637,121.5422104
3924745261,475,Apple 203 早午餐 延平總店,restaurant,25.0343493,121.5073669
7130802027,401,張記洋行,restaurant,25.0588217,121.5504042
7194693278,362,韓國太極烤肉專賣店,restaurant,25.0737977,121.5193313
7169581043,440,MAMA'S 鐵鍋早午餐,restaurant,25.0530478,121.5548841
5185326021,249,天晴麵館,restaurant,25.1197242,121.5263066
7147771516,371,八方雲集,restaurant,25.0732441,121.6629069
4751379049,359,美寶堡早餐店,restaurant,25.0711611,121.4836725
5551906730,514,薄荷夜咖啡,cafe,25.0207118,121.5267067
7175344712,211,米塔手感烘焙 關渡店,restaurant,25.1253368,121.4673667
3104843990,433,吉野家,fast_food,25.0447491,121.4525404
4201921393,476,巧之味手工水餃,restaurant,25.0413530,121.5267736
7175344486,245,快快丼食堂,restaurant,25.1240143,121.4666418
5255065322,287,酷克漢堡,restaurant,25.1068813,121.5258018
2913783918,139,蔡家餃子館,restaurant,25.1739072,121.4508471
2393782858,476,摩斯漢堡,fast_food,25.0302393,121.5268135
4193320689,440,鼎王麻辣鍋,restaurant,25.0506113,121.5580731
6140337450,514,積膳緣養生素食,restaurant,25.0194823,121.5312331
2976044578,400,森丼蔬食,restaurant,25.0601483,121.5389780
2308209000,330,鱻翅寶鍋坊,restaurant,25.0836955,121.5922685
7130802013,401,饗家,restaurant,25.0582649,121.5508602
5162301031,555,鬍子茶,cafe,25.0083156,121.5167688
3711361610,478,益美自助餐,restaurant,25.0320568,121.5585339
3707814401,762,星巴克,cafe,24.9444632,121.3772685
4940829255,694,豬腳來了,restaurant,24.9652417,121.5403640
5110490224,437,台南小吃坦,restaurant,25.0469139,121.5058658
2850324312,437,起司大衛,restaurant,25.0438081,121.5049095
3182115424,601,阿昌麵線,restaurant,24.9905696,121.5414975
4449757837,438,貓妝,cafe,25.0501575,121.5196361
4328118615,439,酷烤樂園和風食堂,restaurant,25.0466479,121.5461989
5467177601,139,8鍋小火鍋,restaurant,25.1773050,121.4482341
6987688023,649,老爺來用餐,restaurant,24.9843379,121.5615991
5340603434,601,夏媽私房菜館,restaurant,24.9997419,121.5392021
4214162434,601,Fun Cafe,restaurant,25.0005838,121.5379611
2925732894,139,淡水第一家鹽酥雞,fast_food,25.1693440,121.4453470
4082319370,400,三賀家法國傳統料理,restaurant,25.0596383,121.5340279
2592662812,433,麗媽臭臭鍋,restaurant,25.0494634,121.4565384
7211439848,440,呷尚寶,restaurant,25.0456306,121.5579875
2450658734,478,楊記大餛飩,restaurant,25.0420155,121.5547547
3044964134,211,禚家餃子館,restaurant,25.1366509,121.4613739
3840862930,399,這一鍋,restaurant,25.0581529,121.5300671
5002926601,438,辣麻味噌拉麵 鬼金棒,restaurant,25.0513444,121.5204511
2462841631,601,聞山咖啡,cafe,24.9930318,121.5420750
2712578775,694,小樂精緻麵食館,restaurant,24.9751309,121.5453053
4570228595,407,小巷拾壹,restaurant,25.0654940,121.6417047
4325693951,601,豐滿食堂,restaurant,24.9962988,121.5473685
6115938815,287,麵面俱到麵館 芝山店,restaurant,25.1029465,121.5233140
7153752178,478,香港甜品屋,restaurant,25.0385822,121.5542351
4018210302,439,星巴克,cafe,25.0526422,121.5444712
3953673675,440,建宏雞肉飯,restaurant,25.0525281,121.5607862
3779361324,725,飛記早餐店,restaurant,24.9609582,121.4048705
5544090024,478,ABV% 加勒比海精釀啤酒餐廳,restaurant,25.0404393,121.5536153
4524863671,517,吳家麵館,restaurant,25.0246216,121.5632749
4837986434,516,咖啡樂覺,cafe,25.0242907,121.5507254
4147356096,511,老字號甜不辣,restaurant,25.0180463,121.4793498
4200643953,558,米粉湯,restaurant,25.0032038,121.5505234
7175344497,512,東興麵食館,restaurant,25.0203324,121.4957218
3710925778,470,吉野家,fast_food,25.0324169,121.4332446
5205427522,249,CAFFE PREGO,cafe,25.1116768,121.5263666
3668814537,514,母女的店,restaurant,25.0158909,121.5319646
4156555088,506,鐤鮮平價小火鍋,restaurant,25.0187523,121.4076866
5110242806,476,小虎咖啡,cafe,25.0304386,121.5294688
7170228281,187,來亭早餐店,restaurant,25.1453113,121.4948482
4200643107,602,瑞麟美而美,restaurant,25.0002685,121.5503664
2562426223,609,王氏豆腐,restaurant,24.9910470,121.6600826
7319919418,602,虎玟咖啡,cafe,24.9999478,121.5502332
5513116116,472,全國健康素食,restaurant,25.0295051,121.4738630
3731276600,723,藍棧咖啡 樹林北大店,cafe,24.9490393,121.3785252
7037347319,437,吉馥十全排骨,restaurant,25.0518562,121.5134805
7215603234,507,四海遊龍,restaurant,25.0213627,121.4242284
6513415885,440,富錦樹台菜香檳,restaurant,25.0564918,121.5527358
5241231002,475,牛之家自助餐,restaurant,25.0369953,121.5143579
7056032340,438,罔市台灣料理,restaurant,25.0512772,121.5272232
6130072775,599,85度C,cafe,24.9970936,121.5113024
4837986398,477,博多華味鳥,restaurant,25.0429026,121.5396076
7194706802,483,店仔口 牛肉麵,restaurant,25.0377370,121.6246775
5551835425,477,alphaBlack,cafe,25.0331688,121.5419841
3419812583,598,食蔬房,restaurant,24.9940657,121.4958232
4312568113,640,美而美,restaurant,24.9781709,121.4183819
6514349843,440,點水樓,restaurant,25.0518677,121.5528484
7175344749,513,金將菁仔行,restaurant,25.0277832,121.5095198
5110490269,438,長春小吃,restaurant,25.0551913,121.5264729
4120113247,139,鄭媽媽早餐屋,restaurant,25.1770626,121.4516084
4312433362,366,吉野家,restaurant,25.0799903,121.5904352
7194706921,650,喜記港式燒臘,restaurant,24.9875648,121.5769226
3844084927,799,海爺四號乾麵,restaurant,24.9318969,121.3726019
3778328678,399,咖啡烘培專賣,cafe,25.0598204,121.5324785
5814886528,507,美日香,restaurant,25.0243517,121.4259216
6024211760,648,鄭記台南碗粿,restaurant,24.9859107,121.5418686
3184208395,433,真幸福各式炒飯麵,restaurant,25.0447788,121.4479188
2410161246,516,福欣緣,restaurant,25.0268783,121.5565232
5275435509,516,比特尼克咖啡,cafe,25.0213367,121.5540916
3918628758,363,Meal & Wine,restaurant,25.0830055,121.5468743
5285474847,602,拿波里,restaurant,25.0007482,121.5552907
3009832333,139,香港大原燒臘,restaurant,25.1751302,121.4463998
3233239615,506,伯朗咖啡館,cafe,25.0193138,121.4018232
7175344799,512,早安 · 你好,restaurant,25.0195930,121.4952167
2203180700,439,南京建國食堂,restaurant,25.0517283,121.5379722
5114930868,475,豆田餐坊,restaurant,25.0320911,121.5147020
3771899126,593,達美樂,fast_food,24.9933483,121.4232517
5585946786,442,三鷹日本料理,restaurant,25.0449034,121.5779995
2959896111,437,大眾自助餐,restaurant,25.0445528,121.5057835
6440886051,444,炸雞大師,restaurant,25.0563817,121.6165522
2870412469,439,金泰日式餐坊,restaurant,25.0462979,121.5390792
4837986509,439,誠鰭,restaurant,25.0531777,121.5364015
2572568021,475,民雄肉包,restaurant,25.0420349,121.5096150
2536486307,510,麥當勞 (McDonald's),fast_food,25.0224070,121.4673717
4822511224,114,Subway,fast_food,25.1845381,121.4110358
2618185907,353,越南料理店,restaurant,25.0831911,121.3870142
6189925709,515,小六拉麵,restaurant,25.0251600,121.5427921
3186194978,479,平田驛便當,restaurant,25.0404725,121.5651960
5513096451,510,萬佳鄉,restaurant,25.0195353,121.4742005
4325694170,476,美而美,restaurant,25.0426807,121.5307516
5645321597,388,豆鮮味林口長庚店,restaurant,25.0596265,121.3687146
4755713030,599,一桶天下,restaurant,24.9970057,121.5114107
5205509224,249,媽咪咖啡館,cafe,25.1185639,121.5254138
3740826794,725,轉角滷肉飯,restaurant,24.9600397,121.4016317
5076447322,516,名月湯包,restaurant,25.0274231,121.5558101
6028851339,438,老鮮樓,restaurant,25.0495075,121.5217118
7194706924,398,洪瑞珍三明治,restaurant,25.0664129,121.5134506
2642374357,367,東湖嘉味薑母鴨,restaurant,25.0723976,121.6052835
6134452960,437,Tsuta 蔦,restaurant,25.0460227,121.5170001
2880238727,439,台灣牛肉麵,restaurant,25.0481986,121.5409438
4269582537,477,丹提咖啡,cafe,25.0413531,121.5405987
4848960023,398,良芳川菜客家菜餐廳,restaurant,25.0568655,121.5133316
7276061148,478,雅室牛排,restaurant,25.0386527,121.5497866
6185406661,400,麥味登,restaurant,25.0647865,121.5340011
1982302724,514,摩斯漢堡,fast_food,25.0194723,121.5297625
5110245073,477,cama,cafe,25.0337583,121.5342499
3923847438,515,Angle Cafe,cafe,25.0280207,121.5406073
2902195501,440,凰鶯越南餐館,restaurant,25.0522460,121.5548800
6140337452,514,伊瑪利義大利麵專賣店,restaurant,25.0194704,121.5311248
743170184,514,La Boheme,cafe,25.0215055,121.5329080
4838087733,437,麗都日本料理,restaurant,25.0455971,121.5105159
6028662253,593,品饌自助餐,restaurant,24.9933841,121.4271444
5839491740,477,CHA CHA THÉ,cafe,25.0391044,121.5456643
4440630691,478,度小月担仔面,restaurant,25.0406601,121.5521315
6289013385,439,香茅廚泰式餐廳,restaurant,25.0459335,121.5441646
6681670043,301,胖老爹美式炸雞,restaurant,25.1079825,121.8068735
7211419042,443,點新春蚵仔麵線,restaurant,25.0562249,121.6056434
7184923065,437,5鄉地Cinque Terre,restaurant,25.0447116,121.5169190
7211425565,442,陳家古早麵,restaurant,25.0458417,121.5851904
7175334775,515,赤牛城,restaurant,25.0281541,121.5466799
7175344651,513,大腸蚵仔麵線,restaurant,25.0259863,121.5135059
3038370835,138,PASTi Pasta義式廚房,restaurant,25.1734779,121.4350940
6554763886,437,老牌牛肉拉麺大王,restaurant,25.0445260,121.5126016
3765555941,514,早餐店,restaurant,25.0175017,121.5246748
5699706939,514,紐西蘭風味漢堡,restaurant,25.0218909,121.5279481
5091519768,388,半邊圓,restaurant,25.0685847,121.3663547
7175344676,368,真品熱炒,restaurant,25.0729288,121.6187224
3104135084,439,方園素食自助餐,restaurant,25.0526159,121.5341555
4685153392,762,定食8,restaurant,24.9426091,121.3756994
6969436643,694,花草糧食光,restaurant,24.9692598,121.5406162
5831006788,514,真心素食,restaurant,25.0259741,121.5219053
2440535412,362,坂京鍋燒麵,restaurant,25.0703328,121.5197754
4312392761,366,Mr. Tea 超大杯,cafe,25.0802909,121.5920620
3328449212,597,日月亭素食,restaurant,24.9961097,121.4867886
4200643981,602,阿卡乾麵,restaurant,25.0003278,121.5503156
7194693248,288,開封包子,restaurant,25.0979426,121.5341592
5820957655,555,家.溫度湯,restaurant,25.0106279,121.5122375
4018219514,694,五餅三魚涮涮鍋,restaurant,24.9622467,121.5388942
5434440521,513,大滷麵,restaurant,25.0279523,121.5146728
4578430390,407,張元涼麵,restaurant,25.0644814,121.6420730
1766418755,364,金色三麥,restaurant,25.0830206,121.5578886
7211425596,403,紅橘子精緻早午餐,restaurant,25.0684188,121.5860370
3647171393,646,金鑽亞洲美食,restaurant,24.9864925,121.5082032
2951790540,117,金仙魯肉飯,restaurant,25.1791520,121.4491897
3835331605,649,Pasta House,restaurant,24.9842537,121.5596654
4031296856,438,林記大腸麵線,restaurant,25.0445447,121.5331674
5242546023,249,星巴克,cafe,25.1124433,121.5307065
7194693215,361,素素如意素食、點心,restaurant,25.0739891,121.5136242
5189737222,249,大橋頭筒仔米糕,restaurant,25.1199765,121.5268232
5887693687,439,漂鳥咖啡,cafe,25.0466896,121.5459477
3205651869,439,喫茶趣,restaurant,25.0528498,121.5438023
4964310261,514,新香印尼小吃,restaurant,25.0225009,121.5267760
5110490252,437,巧雅麵食館,restaurant,25.0458910,121.5069304
6315657603,408,皇后義大利窯烤披薩,restaurant,25.0697171,121.6650303
6323106720,479,茶苑,restaurant,25.0352626,121.5629831
4309469088,470,老吳牛肉麺,restaurant,25.0312783,121.4341286
2124725991,439,玖伊,restaurant,25.0507144,121.5348769
6024333537,649,爭鮮迴轉壽司,restaurant,24.9817234,121.5612070
4325693403,438,I'm Pasta,restaurant,25.0435965,121.5315507
3416263827,598,錢都日式涮涮鍋,restaurant,24.9946129,121.4974488
3311218072,514,すき家,restaurant,25.0278257,121.5216058
3700965679,358,八方雲集,restaurant,25.0829188,121.4627353
3716597066,352,摩斯漢堡,fast_food,25.0773337,121.3741369
6902570285,408,華姐麵店,restaurant,25.0625035,121.6530372
7194706854,606,大團園休閒農園,restaurant,24.9991341,121.6129588
7175344593,441,火鍋世家,restaurant,25.0459373,121.5719802
5110245026,475,津味肉圓,restaurant,25.0301564,121.5164179
2843261403,301,自助餐,restaurant,25.1074885,121.8057125
6037206728,514,可大可小複合式餐飲,restaurant,25.0213871,121.5279508
7175344711,441,饒河街圓環魯肉飯,restaurant,25.0503008,121.5742474
3289925763,640,珍香牛肉麵,restaurant,24.9806996,121.4155610
7175334769,211,湖南活魚,restaurant,25.1289644,121.4700032
4634215397,398,萬鄉烤鴨莊,restaurant,25.0687913,121.5107695
2912276701,138,星星牛排館,restaurant,25.1695250,121.4431219
3450729728,598,嵐迪義大利麵館,restaurant,25.0013043,121.4995260
3377079807,515,美而美,fast_food,25.0269731,121.5418817
6937731140,479,夢想樹咖啡,cafe,25.0406181,121.5754862
7211425810,373,QQ素齋,restaurant,25.0819110,121.6953297
3043947843,400,源芳魚翅,restaurant,25.0588704,121.5339543
4019000586,474,祖師廟口沙茶牛肉大王,restaurant,25.0400943,121.5025042
3596859091,439,香港私宅打邊爐,restaurant,25.0481632,121.5402007
4452737790,439,味鼎蛋餅,restaurant,25.0477831,121.5407166
5342423542,514,香味純手工水餃,restaurant,25.0245271,121.5219594
7175334749,441,永吉豆漿早餐店,restaurant,25.0456022,121.5774612
3959168657,762,御炸坊 手作炸物,restaurant,24.9473705,121.3734894
4104073091,438,高家莊,restaurant,25.0552180,121.5256084
6284503802,478,榮萊烤肉飯,restaurant,25.0304908,121.5607149
4838087719,437,陳仔米台木,restaurant,25.0540170,121.5104977
3939845481,363,頂好速食,restaurant,25.0821973,121.5463247
4043621680,513,阿亮餃子館,restaurant,25.0287962,121.5058812
3778328673,399,浪漫一生,restaurant,25.0578077,121.5303820
6734905626,304,山之細道,restaurant,25.1092346,121.8436821
7004248044,327,時時香 RICE BAR,restaurant,25.0836898,121.5575692
2927150760,139,鮮肉湯圓,restaurant,25.1720554,121.4457378
7175344630,441,火焰骰子牛,restaurant,25.0504227,121.5733413
3887820747,476,Cama咖啡,cafe,25.0403302,121.5325571
6026319586,399,鴉咖啡,cafe,25.0683651,121.5195153
3660395152,734,碧峰潭平價熱炒,restaurant,24.9605693,121.5398056
3681947421,138,去年在馬倫巴,cafe,25.1728282,121.4355221
3860789082,593,皇家貴族牛排,restaurant,24.9915805,121.4225406
7211425814,403,Momo經濟早午餐,restaurant,25.0635240,121.5806039
2656074192,441,肯德基,fast_food,25.0512624,121.5631634
4426737578,549,雙鳳燒臘快餐,restaurant,25.0109802,121.4246410
3846133158,438,蜀國麻辣火鍋,restaurant,25.0490822,121.5322873
7194706968,288,天使分享餐廳,restaurant,25.1033339,121.5410286
7211425569,480,素食美濃客家粄條,restaurant,25.0380254,121.5848755
1838336588,365,合點壽司,restaurant,25.0817285,121.5692350
7194706925,361,大龍峒肉羹-米粉湯,restaurant,25.0736924,121.5140629
2383980620,514,花神咖啡私廚,restaurant,25.0224821,121.5282263
6024211756,648,隨意滷味,restaurant,24.9868038,121.5417277
4082740397,516,大安和平12,cafe,25.0205292,121.5526745
3634931524,322,85度C,cafe,25.0869984,121.4755045
2391800640,362,大樹下,fast_food,25.0819500,121.5199294
4907561000,362,潭園咖啡,cafe,25.0780768,121.5236233
7175344657,405,米果子義大利麵,restaurant,25.0696027,121.6184776
2618674810,211,摩斯漢堡,fast_food,25.1372217,121.4603227
2826063236,366,85度C,cafe,25.0784810,121.5787995
4318532591,438,蘑菇森林,restaurant,25.0503220,121.5197945
2609549933,557,小飯館兒,restaurant,25.0121983,121.5354167
7194706961,366,香港成記燒臘店,restaurant,25.0788624,121.5835987
3909277047,640,美而美,restaurant,24.9794000,121.4180797
4325693477,441,小樽洋菓子,cafe,25.0436210,121.5629440
7175344550,366,興亨素食小吃,restaurant,25.0775860,121.5801222
5839491738,477,M ONE CAFE,cafe,25.0388264,121.5450612
7095347140,439,鮨 岡心,restaurant,25.0440778,121.5471643
6323106750,437,八番赤野,restaurant,25.0491407,121.5175639
6131867502,762,搖滾童話,restaurant,24.9429707,121.3721476
4344542411,438,TankQ,cafe,25.0506535,121.5320135
7170215725,327,北安町,restaurant,25.0850276,121.5560322
4329768664,601,火鍋世家,restaurant,24.9952148,121.5459626
4837986333,477,旅人咖啡,restaurant,25.0404811,121.5464177
5504533361,601,極限,cafe,25.0003659,121.5378393
3670374295,478,Tasty Road,restaurant,25.0426523,121.5545368
4449757813,438,八角Pasta,restaurant,25.0514083,121.5210037
3445928391,478,La Crêperie,restaurant,25.0427356,121.5512694
7194693212,603,漢堡寶活力早餐店,restaurant,24.9909379,121.5735342
7368631869,397,美而佳早餐店,restaurant,25.0638529,121.4995590
3867798199,556,藍家割包,restaurant,25.0156949,121.5325747
2250696814,160,巴黎灣景觀餐廳,restaurant,25.1583952,121.4351892
3373219443,327,八方雲集,restaurant,25.0866601,121.5606140
3196848568,439,胖都督,restaurant,25.0479932,121.5463687
3707479471,437,先喝道,cafe,25.0460366,121.5168321
7095347136,439,Stan & Cat 史丹貓,restaurant,25.0434592,121.5475161
6024251401,185,佳宏快炒,restaurant,25.1380257,121.4626269
6981277704,437,早餐店,restaurant,25.0473790,121.5054336
7211425662,442,阿瑕鵝肉大王,restaurant,25.0448466,121.5832389
3540983606,554,腿庫飯,restaurant,25.0035551,121.4909855
4147356100,511,豐彩壽司關東煮,restaurant,25.0182845,121.4790373
7213752463,442,瓦城,restaurant,25.0493468,121.5791515
5336385374,388,舌尖吧蘭州拉麵,restaurant,25.0597477,121.3625304
7095347135,439,土三寒六讚岐烏龍麵,restaurant,25.0434813,121.5470709
2618845230,287,麵面俱到,restaurant,25.1045024,121.5226138
4449757830,438,真香滷味,restaurant,25.0517290,121.5214972
7194693269,601,花花姐姐工作坊,restaurant,25.0006828,121.5369700
5189837321,249,江家牛肉麵,restaurant,25.1188245,121.5274741
7330746359,557,肯德基,fast_food,25.0146300,121.5378554
5666895650,399,學餐:大野狼小火鍋蓋飯,restaurant,25.0659559,121.5217181
2993852937,438,串場居酒屋林森店,restaurant,25.0536092,121.5243996
3860013616,601,源興牛肉店,restaurant,24.9970878,121.5448507
4200643970,601,良辰吉時早午餐,restaurant,24.9978228,121.5445594
2939314771,399,沛瀅素食館,restaurant,25.0598445,121.5315472
7211425740,336,古早味粿仔湯,restaurant,25.0842611,121.6947989
4520207483,692,下港人湘粵小館,restaurant,24.9627846,121.5117511
7194706947,361,40年老字號包餡雞蛋糕,restaurant,25.0719819,121.5140901
3835347353,649,德記刀削牛肉麵,restaurant,24.9842159,121.5601162
2912268601,139,阿姨麵攤,restaurant,25.1686200,121.4470763
7175334760,512,許記肉羹,restaurant,25.0199093,121.4954216
2755478338,476,麵樂亭,restaurant,25.0397405,121.5227012
3909277267,640,太順口串烤,restaurant,24.9790642,121.4173174
5188328421,325,奈ㄟ安餒,restaurant,25.0896726,121.5236050
4149564846,514,如來素食樂園,restaurant,25.0163108,121.5319191
4269582558,439,柯西蔬食,restaurant,25.0510510,121.5434771
6242158919,602,8鍋新穎時尚臭臭鍋,restaurant,24.9998396,121.5556794
3048696033,138,I-La 音樂餐廳,restaurant,25.1704013,121.4397631
3851546384,438,Bomb Shelter,cafe,25.0457484,121.5253678
6090466092,325,30年老店,restaurant,25.0887721,121.5242001
6028692900,593,香港發記燒臘便當,restaurant,24.9934571,121.4274536
7211425544,442,麻辣燙滷辣啦,restaurant,25.0452153,121.5843497
3928066867,190,宵夜快餐,restaurant,25.1377949,121.5410766
3040271443,476,春水堂,restaurant,25.0368946,121.5191800
7368962854,397,鍋士無雙精緻石頭火鍋,restaurant,25.0642224,121.4959359
7170215591,402,魔法咖哩,restaurant,25.0621317,121.5765698
6161253549,470,8鍋,restaurant,25.0312247,121.4339396
7213811089,479,享‧香檳海鮮餐酒館 ChamBistro Diner and Bar,restaurant,25.0369546,121.5668616
3426843131,437,Pepper Lunch,restaurant,25.0460185,121.5168932
6096083682,325,揚名烘焙豆漿豆花,restaurant,25.0889345,121.5185812
3811141114,557,Lacuz,restaurant,25.0129713,121.5367029
4808912848,506,小籠包,restaurant,25.0168753,121.4088665
3455793500,598,美而美,fast_food,24.9982091,121.5001342
3887738183,601,魔法咖哩,restaurant,24.9923333,121.5438440
2713523078,190,麥當勞,fast_food,25.1377966,121.5466168
4360380425,515,大柱子擔仔麵,restaurant,25.0220718,121.5419921
7004248029,364,鳥丈爐端燒,restaurant,25.0833835,121.5569516
4450921882,658,溱溱自助餐,restaurant,24.9815053,121.6910138
4298941394,478,香米泰國料理,restaurant,25.0397034,121.5556743
6605467988,437,福珍排骨酥麵,restaurant,25.0500748,121.5157866
2772751681,648,必勝客,restaurant,24.9830888,121.5384747
5515959705,437,328加東Laksa,restaurant,25.0474225,121.5171048
2269707426,697,縁續縁,restaurant,24.9693448,121.5875489
4524318935,601,一家麵店,restaurant,24.9905029,121.5423534
6900173326,398,阿角紅燒肉,restaurant,25.0622094,121.5114833
4370466802,687,石頭日式燒肉,restaurant,24.9688579,121.4386006
7004195211,475,觀音亭素食,restaurant,25.0321273,121.5166896
4552371011,139,火鍋世家,restaurant,25.1769082,121.4475223
3706808525,327,夯麵坊,restaurant,25.0847371,121.5612805
5005106567,467,MU. DER,restaurant,25.0409701,121.3888046
4384259210,438,赤峰小吃鋪,restaurant,25.0536056,121.5191078
2151706691,399,日式蓋飯之家,restaurant,25.0608746,121.5318466
6116345918,287,一彤,restaurant,25.1021062,121.5248710
3944645355,477,詠豐堂,restaurant,25.0402360,121.5349939
2188353638,400,麵食館,restaurant,25.0571152,121.5390449
7282086785,441,東京大阪燒,fast_food,25.0532758,121.5661603
3707479481,437,吉野家,fast_food,25.0461600,121.5165499
5110490276,399,廖家牛肉麵,restaurant,25.0568683,121.5290956
4198238553,438,紫都,restaurant,25.0511976,121.5302575
3503443016,439,無老鍋市民店,restaurant,25.0448587,121.5392469
7175344641,441,牛魔王牛排-饒河店,restaurant,25.0505467,121.5751623
7170191580,402,伊太郎,restaurant,25.0600713,121.5747848
4440014669,139,淡水素食好食寨,restaurant,25.1703414,121.4466458
3785975810,643,星巴克,cafe,24.9867141,121.4655508
3219721312,439,八德素食,restaurant,25.0453221,121.5363188
5551876724,514,溫丼飯·定食,restaurant,25.0231824,121.5247335
6569447325,475,阿川滷味,restaurant,25.0428726,121.5048677
5330396621,365,明奶奶麵疙瘩,restaurant,25.0827333,121.5662871
3151329936,433,星河珈琲咖啡專賣店,cafe,25.0449028,121.4487293
4334083612,438,4+Break,restaurant,25.0480455,121.5331571
3723319589,557,季丼屋,restaurant,25.0126355,121.5360837
2308313833,404,雙人徐概念館,restaurant,25.0686277,121.5931991
5661163203,599,大勝軒自助餐,restaurant,24.9964436,121.5150225
4538270103,734,27號廚房,restaurant,24.9562216,121.5380146
7211425588,404,美璟越南美食,restaurant,25.0646683,121.5934138
1908170552,365,鬍鬚張,restaurant,25.0822807,121.5676339
7211425826,403,727海鮮餐廳,restaurant,25.0680795,121.5905301
2447112266,437,阿桂的店,restaurant,25.0444007,121.5130665
4344543607,798,鳶山景觀烘培咖啡館,cafe,24.9317193,121.3572257
2671520187,440,Cosi o Cosi Trattoria Italiana,restaurant,25.0436986,121.5492692
2730242991,400,穗科手打烏龍麵(復興店),restaurant,25.0588732,121.5464737
6478663348,439,安安河粉,restaurant,25.0511005,121.5338489
2755478336,476,家常麵,restaurant,25.0398050,121.5224397
6577001213,442,露易莎,cafe,25.0495335,121.5792008
5222746427,287,QBurger,restaurant,25.1041720,121.5214724
3292267562,439,三姐妹小吃,restaurant,25.0551872,121.5392188
3778327904,399,古都食堂,restaurant,25.0601197,121.5303907
6114714479,515,大易園早午餐,restaurant,25.0223638,121.5429282
5250518621,325,鍋加鍋,restaurant,25.0893761,121.5249591
7175344701,441,鑫鱻生猛活海鮮,restaurant,25.0457757,121.5717014
6340973588,437,四食五,restaurant,25.0514400,121.5132605
7211425689,480,何牛肉麵店,restaurant,25.0393380,121.5857771
6163008840,475,樂品軒 植物園店,restaurant,25.0320345,121.5070650
3328449241,598,狀元樓,restaurant,24.9965082,121.4900463
4841478821,438,吉星港式飲茶,restaurant,25.0518927,121.5257910
4396259725,315,寶林甕仔雞,restaurant,25.0845782,121.3849969
7004220057,363,芊松賀,restaurant,25.0816307,121.5458599
4786124904,478,漢來海港,restaurant,25.0399785,121.5483507
4366040190,477,Soul R. Vegan Café,cafe,25.0424061,121.5390176
5938824202,762,漢堡大師早餐店,restaurant,24.9424125,121.3730648
4524863750,437,紅堪港式飲茶,restaurant,25.0432041,121.5080381
4200642662,558,八方雲集,restaurant,25.0033610,121.5505877
2880238724,439,三代圓環魚翅肉羹,restaurant,25.0476968,121.5420061
6780734597,515,神樂屋日式料理,restaurant,25.0284541,121.5479694
2756655309,437,修圓素食,restaurant,25.0467196,121.5140994
7079777308,1013,葉綠素,cafe,24.8439254,121.5549318
5108707188,600,朵拉歐拉咖啡,cafe,24.9982534,121.5265248
2820087263,510,牛仔部落,restaurant,25.0227250,121.4674313
7170215716,398,汕頭四神湯刈包肉粽,restaurant,25.0647473,121.5110634
7002886729,437,干單食堂,restaurant,25.0460634,121.5154124
4496468483,548,JSP 呷尚寶,cafe,25.0046777,121.4130443
2917544006,325,毫光-回田蔬苑,restaurant,25.0943332,121.5222077
3104846449,690,O2,restaurant,24.9621462,121.4801433
7211522198,437,凱哥放山雞便當,restaurant,25.0512620,121.5140167
3002381564,478,cama cafe,cafe,25.0328078,121.5491909
5051738284,561,海協會海鮮暢飲,restaurant,25.0035323,121.6023793
7197241123,437,鼎富樓餐廳,restaurant,25.0441514,121.5135124
4837986521,439,西蜀饌牛肉麵,restaurant,25.0542509,121.5462696
7194693251,216,陽明山朱里昂法式廚房,restaurant,25.1360815,121.5431945
6881370464,438,巧喰雞,restaurant,25.0514048,121.5208455
4078673412,440,延壽飯包,restaurant,25.0562458,121.5571277
4834803695,515,TEQUILA SUNRISE,restaurant,25.0213787,121.5339986
5635182382,388,小熊屋鬆餅,restaurant,25.0593014,121.3693008
7368631834,397,圓泰式料理,restaurant,25.0639271,121.4993638
6440886053,444,雅悅會館,restaurant,25.0557257,121.6161632
5709118738,388,三多專賣店,restaurant,25.0591318,121.3686201
7211425720,480,石碇公臭臭鍋,restaurant,25.0379989,121.5791736
2473232943,515,九品早餐店,restaurant,25.0229447,121.5411937
7153752179,478,鮨天本,restaurant,25.0381132,121.5547889
4580545093,474,三味食堂,restaurant,25.0398848,121.5027158
5564542415,444,KK手工窯烤披薩,restaurant,25.0559569,121.6121849
2157315001,438,勁喝呷熱炒,restaurant,25.0550148,121.5299279
7211425611,442,巷仔內麵線焿,restaurant,25.0463520,121.5871905
5256843222,249,多摩食堂,restaurant,25.1108246,121.5302223
2456823930,439,鬥牛士,restaurant,25.0484432,121.5414855
3451967697,640,廚師宝宝 樹林東華店,restaurant,24.9807332,121.4157536
7138715791,213,大塊牛排,restaurant,25.1333197,121.5026980
4033134259,734,魔法凱蒂,cafe,24.9568752,121.5342485
5822628153,517,Chatime Tea,fast_food,25.0284409,121.5684598
4360380431,515,日式拉麵專門店,restaurant,25.0230999,121.5427863
4018209442,248,怡客咖啡,cafe,25.1158727,121.5153320
3685275308,399,御書園食尚牛排,restaurant,25.0575082,121.5328659
5845316854,515,溫州大餛飩阿婆乾麵,restaurant,25.0249575,121.5456868
2328249398,475,吉仕達義麵坊,restaurant,25.0315354,121.5168751
7175344670,513,流金歲月紅茶餐坊,restaurant,25.0258791,121.5052677
3450729735,598,韓鶴亭韓式料理,restaurant,25.0014965,121.4998633
6189317571,360,派克雞排,restaurant,25.0727224,121.4895742
5052921354,399,喜美自助餐,restaurant,25.0578684,121.5243773
5110245024,513,秘乳,restaurant,25.0291054,121.5171845
6127553945,593,京鼎樓,restaurant,24.9951521,121.4285871
7193346173,322,三顧茅廬,restaurant,25.0866030,121.4799061
6156191728,478,清香排骨王,restaurant,25.0337170,121.5581042
5110348576,441,草食咖啡,cafe,25.0510765,121.5669006
5285474841,602,興旺自助餐,restaurant,25.0009102,121.5552514
6265601301,557,來來小吃店,restaurant,25.0042468,121.5415502
2639182792,408,壹咖啡,cafe,25.0686608,121.6610059
2909092015,138,黑殿飯店,restaurant,25.1692086,121.4432871
7211425787,480,上海蟹殼黃燒餅,restaurant,25.0363956,121.5789759
4197641592,439,本家台灣咖哩,restaurant,25.0432641,121.5464493
4040070896,640,阿英油飯,restaurant,24.9779156,121.4182069
2816066948,366,久懿炭烤,restaurant,25.0803956,121.5915530
7175344523,213,吉祥素食,restaurant,25.1363777,121.4970782
7211425573,444,涓邸居酒屋,restaurant,25.0560662,121.6143983
2178660158,438,長安飯包50元,restaurant,25.0500356,121.5203230
5564549043,445,樂廚自助餐廳,restaurant,25.0546711,121.6309313
3104136226,439,金巨排骨,restaurant,25.0528316,121.5336787
5250518522,325,惡魔雞排,restaurant,25.0894940,121.5246810
2908658314,139,魔法咖哩,restaurant,25.1692328,121.4450488
2910381301,138,Lattea 綠蓋茶‧館,restaurant,25.1700712,121.4391019
2751198269,438,美而美,restaurant,25.0443688,121.5230646
7175344598,441,三媽臭臭鍋,restaurant,25.0453481,121.5758125
4507662407,139,小小麥,fast_food,25.1758190,121.4495562
7194706695,651,魯味齋,restaurant,24.9857940,121.5796978
4837986513,439,巴蜀火鍋,restaurant,25.0482216,121.5338003
6202943434,360,熱炒店,restaurant,25.0741647,121.4909564
2688164745,556,水源會館,restaurant,25.0139904,121.5304333
4520207456,732,和園自助餐,restaurant,24.9607124,121.5101151
4427422114,514,囍咖啡,restaurant,25.0244795,121.5271216
3929981702,216,大紅袍,restaurant,25.1372060,121.5416009
5110349505,366,鼎煌煌抄手麵食,restaurant,25.0801468,121.5907859
3104851856,650,三老村,restaurant,24.9885018,121.5647713
6314600446,479,Bangkokjam泰過熱,restaurant,25.0352699,121.5661575
3257158557,515,南台虱目魚之家,restaurant,25.0247324,121.5427833
4007798820,601,室角舍記咖啡議廊,cafe,24.9950448,121.5421294
4360380435,515,甲吧麵飯,restaurant,25.0232948,121.5411936
3510125993,510,方屋 Funhouse,cafe,25.0204509,121.4666663
6142451085,352,Subway,fast_food,25.0772433,121.3736889
5109347766,514,正宗馬來西亞咖哩雞 肉骨茶,restaurant,25.0250545,121.5294777
4290872189,18,邊界驛站三芝店,restaurant,25.2620718,121.4864623
2536508253,433,北港香菇肉羹,restaurant,25.0522485,121.4579968
6467402885,470,星巴克,cafe,25.0321151,121.4320280
1837941986,365,吉野家,fast_food,25.0824920,121.5659445
4078673409,440,五花馬水餃館,restaurant,25.0564985,121.5554433
5286867834,602,深坑第一家臭豆腐,restaurant,24.9986886,121.5584152
5110348751,441,布咯咖啡,cafe,25.0511511,121.5650691
3835281161,398,開心茶舖,restaurant,25.0583212,121.5123940
2966219727,437,慈明台素食,restaurant,25.0443944,121.5124920
5908259424,601,恩納台北心靈咖啡館,cafe,24.9931399,121.5422362
2292591821,646,85度C,cafe,24.9753020,121.5175867
2171051930,330,摩斯漢堡,fast_food,25.0844597,121.5954855
6894204679,397,鴨肉麵,restaurant,25.0615218,121.5015256
4946808921,365,八方雲集,restaurant,25.0767094,121.5767862
6130072767,599,99 Café,cafe,24.9988498,121.5118495
3440730898,598,老山羊羊肉爐,restaurant,24.9991971,121.4987978
5110348676,440,錦鴻燒臘,restaurant,25.0520871,121.5527484
5189781421,249,香港茶餐廳,restaurant,25.1205056,121.5267022
5564549101,493,阿琳小吃,restaurant,25.0411680,121.7751125
1930596516,388,麥當勞,fast_food,25.0584336,121.3666382
7030611885,399,糜家荘 吉林店,restaurant,25.0592201,121.5301577
7175344560,441,齒牛香牛肉麵,restaurant,25.0503494,121.5744686
5923254086,479,路易．莎咖啡,cafe,25.0353290,121.5681090
4524082957,145,名廚,restaurant,25.1781312,121.5395923
6028697342,593,道地魯肉飯,restaurant,24.9934638,121.4275367
4236824158,514,飯館兒,restaurant,25.0234496,121.5293916
7175344562,515,珍品佳盒餐,restaurant,25.0284527,121.5458619
7211419044,374,鮭魚炒飯,restaurant,25.0817769,121.6964332
2928688506,139,黃記大餛飩,restaurant,25.1701501,121.4459625
6134452975,437,芙林鐵板燒,restaurant,25.0459346,121.5168961
4298924388,516,Cama,cafe,25.0291618,121.5624043
2804082761,394,摩斯漢堡,fast_food,25.0661765,121.4583649
5536108084,465,龍蝦大王,restaurant,25.0523847,121.9236115
1978019287,478,Kiki Restaurant,restaurant,25.0397304,121.5554037
2618178034,353,牛頓香雞排,restaurant,25.0773418,121.3941007
2633435091,476,龍門客棧,restaurant,25.0397185,121.5228093
5110490286,399,川湘号香辣館,restaurant,25.0571487,121.5323731
3725707061,475,龍記搶搶鍋,restaurant,25.0417932,121.5108746
4082740459,516,臥龍飯包,restaurant,25.0201652,121.5525992
5336379763,388,早點,restaurant,25.0602256,121.3622202
3328449203,597,COME BUY,cafe,24.9960717,121.4881997
3881457560,437,海苔飯捲專賣,restaurant,25.0453846,121.5161529
2591738484,402,小約翰手工披薩,restaurant,25.0612415,121.5630469
3835342091,649,麥子磨麵,restaurant,24.9825598,121.5622369
4253208237,514,美一美漢堡三明治,restaurant,25.0161084,121.5309468
6127553965,593,宮武讃岐烏龍麵,restaurant,24.9955604,121.4280988
2747611279,476,佳味鮮,restaurant,25.0426574,121.5225442
6323106732,437,菘麵坊,restaurant,25.0468311,121.5172246
2410161261,516,軟食力,restaurant,25.0270936,121.5563473
2941385202,138,馬偕咖啡,cafe,25.1718354,121.4385505
4018219667,694,三商巧福,restaurant,24.9711242,121.5419665
2062547639,190,摩斯漢堡,fast_food,25.1378661,121.5464756
6361856986,514,黑潮,cafe,25.0275719,121.5306225
2946903804,514,阿英餐廳,restaurant,25.0196832,121.5319567
3688113969,762,熊熊可麗餅,restaurant,24.9437695,121.3736389
3002141070,139,鄧公古早味,restaurant,25.1694257,121.4480513
4754476725,439,歡飲宴,restaurant,25.0535373,121.5351388
2158899246,400,櫻上水,restaurant,25.0598092,121.5373349
4302072916,407,星巴克,cafe,25.0623035,121.6501593
7175344702,366,神來一鍋,restaurant,25.0782508,121.5798821
2442168533,400,石二鍋,restaurant,25.0625567,121.5415972
5110348759,516,嘉旺香港燒臘美食,restaurant,25.0213927,121.5552129
7194706960,361,孫東寶,restaurant,25.0721950,121.5145986
3323032698,438,丼賞,restaurant,25.0549205,121.5324860
7175344652,249,大玩偶美式餅脆炸雞,restaurant,25.1225924,121.5245244
5622272483,467,麵餓心膳,restaurant,25.0398846,121.3890820
7138715818,216,腳丫子早午餐,restaurant,25.1365539,121.5464197
3432651393,599,港麗港式茶餐廳,restaurant,24.9944045,121.5050784
2365905396,439,麻凡有碗麵,restaurant,25.0544340,121.5447156
5110490243,437,溫州大餛飩之家,restaurant,25.0464444,121.5070706
4963866801,470,同德素食,restaurant,25.0323111,121.4346649
1081855291,477,伯朗咖啡,cafe,25.0417415,121.5352465
7002886728,437,VEGE CREEK蔬河,restaurant,25.0460613,121.5151786
3731275459,723,ciao巧義大利麵,restaurant,24.9493127,121.3794953
4198238508,438,Sigrid Coffee,cafe,25.0518347,121.5271077
7365964028,397,兄妹豆花,cafe,25.0660956,121.4987104
2810933254,552,府中川菜,restaurant,25.0107574,121.4638161
6531897885,476,大嗑西餐廳,restaurant,25.0410152,121.5281951
6832816562,321,時間之旅,cafe,25.0844645,121.4713213
3361477814,499,香甜小吃,restaurant,25.0384925,121.8663848
3812406116,601,粥粥頌廣東粥專賣店,restaurant,24.9952620,121.5462224
7153752182,478,一之鄉,restaurant,25.0380719,121.5558296
4273737290,437,森高砂咖啡館,cafe,25.0540198,121.5118538
6156191724,478,小胖子,restaurant,25.0336890,121.5590121
2751198282,438,基隆麵食館,restaurant,25.0439047,121.5223832
4538270101,734,水餃,restaurant,24.9565782,121.5380393
3074355638,138,永和豆漿,restaurant,25.1744914,121.4415392
7175334773,442,林媽媽廚房,restaurant,25.0512135,121.5785167
7004248030,364,Cafe & Meal MUJI,restaurant,25.0832292,121.5567680
6604320350,515,金城便當,restaurant,25.0268866,121.5432212
3476254805,598,新的店,restaurant,24.9996018,121.4992270
4887921029,474,福洲元祖 胡椒餅,fast_food,25.0355180,121.5006798
4384259225,438,餅老爺小廚房,restaurant,25.0449989,121.5318687
2958028319,248,第一街快餐,fast_food,25.1150923,121.5082225
7192621280,322,巨林美而美,restaurant,25.0854080,121.4784617
4325694219,514,Home Burger,fast_food,25.0177670,121.5285759
5941564186,479,Loving Hut Vegetarian,restaurant,25.0343044,121.5747158
7211425672,403,阿宏鹽酥雞,restaurant,25.0685658,121.5859411
2726480267,552,和食EN,restaurant,25.0136245,121.4666539
5236285452,287,無限家cafe,cafe,25.1079197,121.5287324
6199123643,287,蜀漢之都麻辣燙,restaurant,25.1015358,121.5219094
3033096972,601,平野屋日本料理,restaurant,24.9935798,121.5415245
4364174990,475,三羹拌麵,restaurant,25.0306496,121.5172596
5110488936,327,周胖子餃子館,restaurant,25.0838471,121.5490607
6793914699,351,玉女號滷肉飯,restaurant,25.0730295,121.3645586
5853563029,515,熱翻天生猛海鮮,restaurant,25.0279320,121.5432578
7004248034,364,杵屋 丼丼亭,restaurant,25.0832896,121.5568969
6149991085,477,Plants,restaurant,25.0367289,121.5442600
4775586926,437,NOTCH咖啡工坊,cafe,25.0445015,121.5165785
6127553962,593,重次郎,restaurant,24.9953246,121.4287371
7175344741,441,饒河炸彈蔥油餅,restaurant,25.0501544,121.5726861
3048776633,138,機長美食之家,restaurant,25.1734382,121.4351563
4082319369,400,George House,cafe,25.0595923,121.5347318
3835345489,650,心飲咖啡輕食館,restaurant,24.9842150,121.5664675
5214807025,444,歡樂牛排,restaurant,25.0551928,121.6110692
7194706899,361,老蔡水煎包,restaurant,25.0717668,121.5157931
5189810121,249,我家牛排,restaurant,25.1196076,121.5272733
2962738779,515,星巴客,cafe,25.0255745,121.5436781
5518563121,438,Satorafa Cafe,cafe,25.0488546,121.5327284
7138715816,188,歐陸餐廳,restaurant,25.1378533,121.5151228
2396422145,471,漢堡王,fast_food,25.0353522,121.4494111
4524864554,515,人丛乑,restaurant,25.0286322,121.5432139
4453014110,397,摩斯漢堡,fast_food,25.0632197,121.5009833
7175344671,368,APPLE 203,restaurant,25.0730486,121.6188829
4983984603,399,特濃屋,restaurant,25.0573346,121.5249063
3786348249,514,嚴記小吃,restaurant,25.0169940,121.5323903
6425628300,400,Bithub Bistro,restaurant,25.0586362,121.5439107
4784226433,250,Starbucks,cafe,25.1182530,121.5344981
4520207481,692,冰角黑糖冰品店,restaurant,24.9626210,121.5114343
7175334777,476,誠記越南麵食館,restaurant,25.0325536,121.5294944
7057489786,89,Macdonald,fast_food,25.2135145,121.6455836
2150116227,399,韓烤屋,restaurant,25.0630981,121.5329724
5856065059,514,余波未了,cafe,25.0202594,121.5273083
4727092985,595,星巴克,cafe,24.9986520,121.4569460
7194706868,603,韓大佬韓式精緻料理,restaurant,24.9892924,121.5738495
3430332166,554,大和鐵板燒,restaurant,25.0026263,121.4974564
3670374305,478,好燒,restaurant,25.0423418,121.5549729
4198238515,438,吉野家,restaurant,25.0516447,121.5299290
3835339694,650,巧味豆漿店,restaurant,24.9848404,121.5644255
3939157980,514,Pasta Paradise,restaurant,25.0238934,121.5290262
2084620551,400,雷蒙叔叔,restaurant,25.0618990,121.5336139
4524319698,601,土腳厝懷舊餐廳,restaurant,24.9958854,121.5417866
3245728374,510,星巴克,cafe,25.0204676,121.4665992
6176758341,694,老孫涼麵,restaurant,24.9744553,121.5377676
4524863726,400,三商巧福,restaurant,25.0625559,121.5413746
7175344735,252,茶緣音樂食堂,restaurant,25.1231049,121.5725266
7175344548,442,顏加唐麵線,restaurant,25.0513491,121.5787633
2203268926,734,九發大腸蚵仔麵線,restaurant,24.9566544,121.5381897
3884769307,406,五花馬水餃館,restaurant,25.0656878,121.6322907
7175344622,249,佶園排骨飯,restaurant,25.1233867,121.5250292
3873109677,439,東石蚵仔小吃店,restaurant,25.0536828,121.5343130
7111314434,467,弘爺漢堡,restaurant,25.0394449,121.3899485
2089570241,734,路易沙,cafe,24.9572084,121.5378610
3725812493,440,新海岸活蝦,restaurant,25.0444165,121.5506639
7211425564,442,陳記腸蚵麵線,restaurant,25.0460685,121.5854905
6881370452,438,蝦八活蝦,restaurant,25.0494008,121.5264304
7002879582,437,鬍鬚張,restaurant,25.0469327,121.5170130
2307723031,602,火鍋世家,restaurant,25.0003550,121.5533611
4800877783,388,鬍鬚張,restaurant,25.0588064,121.3654866
5551867527,477,賽特廚房,restaurant,25.0332007,121.5412423
4417940090,402,路易.莎,cafe,25.0596364,121.5657851
7194707010,398,美而美,restaurant,25.0658797,121.5128809
3840862928,438,阿美飯店,restaurant,25.0553291,121.5303324
6389111667,324,尚鴻平價鐵板燒,restaurant,25.0886293,121.5084118
2914263201,115,阿基師觀海茶樓,restaurant,25.1817637,121.4158766
3959168678,762,甘泉魚麵 三峽北大店,restaurant,24.9474965,121.3742963
7192621277,322,孫東寶,restaurant,25.0872056,121.4814952
7004220050,363,黃抄手,restaurant,25.0813258,121.5462649
2406854921,437,肯德基,fast_food,25.0433651,121.5071149
3778328676,399,牛家莊,restaurant,25.0593051,121.5301398
7211425586,480,胖老爹美式炸雞,restaurant,25.0387103,121.5781449
5950324364,408,悟饕便當,restaurant,25.0616199,121.6539618
6024245881,185,庹媽媽麵食館,restaurant,25.1383898,121.4632289
6135336689,437,摩斯漢堡,fast_food,25.0456751,121.5159564
4837986569,476,忠貞小館,restaurant,25.0405253,121.5331764
4414859490,213,北投李家小館,restaurant,25.1325550,121.4995700
3740826799,725,香香小吃,restaurant,24.9600740,121.4034156
7194706928,697,美加茶園,restaurant,24.9711708,121.5876938
7175334742,186,蘇姐漢堡,restaurant,25.1410947,121.4883213
3704491035,287,芝山鵝肉切仔麵,restaurant,25.1043573,121.5213057
2912527402,139,吳師傅魯味,restaurant,25.1744428,121.4521856
6873696166,438,小料理,restaurant,25.0519874,121.5197928
7368962863,397,排行榜無骨鹽酥雞,restaurant,25.0667869,121.4983673
3188350561,650,逢玉冰菓室,restaurant,24.9873663,121.5684931
4258262797,595,圓泰式料理,restaurant,24.9917586,121.4589763
5534938269,185,百八魚場,restaurant,25.1381840,121.4599727
7175344508,368,逢甲阿郎,restaurant,25.0702386,121.6190878
1929944058,352,星巴克,cafe,25.0770534,121.3745565
4175052339,761,老牌牛肉麵,restaurant,24.9364596,121.3643449
3523782362,599,COCO都可,cafe,24.9936931,121.5040476
2419231769,475,Subway,fast_food,25.0424077,121.5128325
2137219932,477,星巴克,cafe,25.0335474,121.5438200
6127553954,593,らあめん花月嵐,restaurant,24.9952278,121.4286714
3835377575,650,福隆便當,restaurant,24.9834057,121.5673526
3042695634,139,湯霸臭臭鍋,restaurant,25.1721908,121.4451947
5606231812,439,雅典娜咖啡,cafe,25.0510677,121.5448755
3687762588,476,喬味海鮮,restaurant,25.0331486,121.5290074
5585775140,480,竹間精緻鍋,restaurant,25.0423145,121.5799962
7211425765,301,中華早點,restaurant,25.1072873,121.8128101
3955430391,440,MOS,fast_food,25.0517488,121.5580764
5110349504,366,吉品涮涮鍋,restaurant,25.0802069,121.5909850
4520207477,692,黑庄牛肉麵,restaurant,24.9618920,121.5105075
2084949056,478,通化肉園,restaurant,25.0309549,121.5547776
6116265179,287,Moda vita,restaurant,25.1017736,121.5234643
2913782460,139,藍石頭咖啡館,restaurant,25.1738503,121.4508718
5845066129,515,Johnson's,restaurant,25.0262620,121.5473530
2171113414,365,星巴克,cafe,25.0752904,121.5762247
6074098576,325,台南海鮮會館,restaurant,25.0891327,121.5227784
2726480266,552,21世紀風味館,restaurant,25.0137438,121.4667894
5556118568,476,爐鍋咖啡,cafe,25.0370577,121.5188849
6190826756,437,欣園海南雞飯,restaurant,25.0442201,121.5164223
3292775574,510,九兩雞排王,restaurant,25.0193754,121.4665891
5259915970,439,屋子,cafe,25.0461708,121.5382453
3854472466,557,兄弟蝌仔麵線,restaurant,25.0139372,121.5340055
3835345492,650,雅風音樂咖啡餐廳,restaurant,24.9832790,121.5638656
2624501831,514,麥子磨麵,restaurant,25.0186446,121.5317168
3714789195,479,麥味登,restaurant,25.0399872,121.5718334
3151335277,601,八方雲集,restaurant,24.9996786,121.5396640
4360380433,515,松田日式飯糰,restaurant,25.0238541,121.5429767
4043621270,513,山內雞肉飯,restaurant,25.0290907,121.5058371
4561975561,185,蔡元益紅茶來一壺店,restaurant,25.1383858,121.4631752
4149564847,556,峨嵋餐廳,restaurant,25.0153866,121.5325538
3688113970,762,皇品加熱滷味,restaurant,24.9438676,121.3738680
4149564852,556,易牙居,restaurant,25.0158765,121.5323207
6604982540,720,永和豆漿,restaurant,24.9550750,121.3382697
7130802004,400,蒜翻天,restaurant,25.0611016,121.5467611
2643752449,353,小吃麵店,restaurant,25.0827245,121.3877648
3812406075,601,好鄰居早餐,restaurant,24.9981108,121.5478788
3233930035,552,伍衛門日式丼飯,restaurant,25.0121305,121.4666581
1973476979,476,pizzahot,fast_food,25.0414400,121.5325819
4258229823,553,星巴克,cafe,25.0070582,121.4752066
3232568261,405,肯德基,fast_food,25.0680281,121.6163758
6871573259,478,mimitea,cafe,25.0402857,121.5526995
2383980615,514,小木屋鬆餅臺師大店,restaurant,25.0230594,121.5281197
7194706762,399,靈芝茶藝館,restaurant,25.0661231,121.5186101
3811441536,213,阿馬非蔬食餐廳,restaurant,25.1322131,121.4972926
4149477981,551,Zoo Cafe,cafe,25.0088675,121.4579783
4085092832,514,滇味小館雲南泰式風味,restaurant,25.0182771,121.5316685
6190476402,602,MO-MO好時光,restaurant,24.9892405,121.5493370
6422218513,437,草原派對,cafe,25.0541805,121.5100001
2726475748,552,鮨彩壽司,restaurant,25.0141877,121.4670897
4796513225,478,BRUN不然,restaurant,25.0397830,121.5497090
3078276696,477,永和豆漿,restaurant,25.0297961,121.5432948
3105611481,478,日光寒舍咖啡洋食館,restaurant,25.0409839,121.5497559
2760765109,555,3/2 鹹酥雞,restaurant,25.0133173,121.5126403
4282217998,601,QBurger,restaurant,24.9936329,121.5393715
3523782376,599,爭鮮外帶,fast_food,24.9936915,121.5041207
3103261288,439,泰芝味泰式炭烤,restaurant,25.0532887,121.5337026
3731275475,762,古典玫瑰園 台北三峽北大店,restaurant,24.9468228,121.3796639
7194706967,361,5味臭臭鍋,restaurant,25.0715648,121.5157644
2760755543,476,陽春麵,restaurant,25.0424635,121.5305256
6682287325,437,La bambina caffè,cafe,25.0510774,121.5158656
7004220049,363,焦家水餃,restaurant,25.0812445,121.5462689
4149564878,556,阿正花枝羹蝦仁羹,restaurant,25.0156115,121.5324791
2420114509,437,Modern Toilet Restaurant,restaurant,25.0444508,121.5057563
3835269657,398,稻舍,restaurant,25.0625126,121.5093028
7194706972,361,第一土鵝肉,restaurant,25.0719218,121.5160633
4435558790,470,阿山哥炒麵舖,restaurant,25.0315908,121.4340309
7194707000,482,無名 切仔麵,restaurant,25.0421996,121.6179768
7175334761,512,海產街蚵仔麵線,restaurant,25.0198322,121.4984034
1837963996,366,秀羽素食,restaurant,25.0820137,121.5783866
4254654860,439,越南小吃攤,restaurant,25.0535838,121.5349597
4568345443,407,GumTreeCafe,restaurant,25.0657081,121.6421800
6161253532,470,工寓咖啡 Café industry,cafe,25.0319820,121.4329889
3744188725,359,頂呱呱,fast_food,25.0817022,121.4768141
7211425827,403,45區公寓,restaurant,25.0667725,121.5819830
3761232567,593,佳鱻臭臭鍋,restaurant,24.9892025,121.4217791
6573746485,72,金山小林牛肉麵,restaurant,25.2194736,121.6399986
6190366137,646,o'pasta 義大利麵,restaurant,24.9887826,121.5099031
2025959741,476,溫州大餛飩,restaurant,25.0403175,121.5320061
6115575195,287,一心堂燒肉,restaurant,25.1017305,121.5257483
4328118621,694,龍門港式燒臘,restaurant,24.9648978,121.5406925
5847760117,516,路易莎咖啡,cafe,25.0278358,121.5483887
7194706788,190,京之最日式餐廳,restaurant,25.1387233,121.5450845
5110348537,442,新越越南麵食館,restaurant,25.0456364,121.5805228
1837943842,328,金玉堂小吃店,restaurant,25.0841437,121.5672882
4629718327,401,摩斯漢堡,fast_food,25.0580221,121.5544618
5198338001,762,古飽食堂,restaurant,24.9427432,121.3736595
6514349833,440,漉海鮮蒸氣鍋,restaurant,25.0507153,121.5576643
4018208922,437,台南美食,restaurant,25.0531612,121.5137430
7175344725,367,明德素食園,restaurant,25.0724088,121.5940064
7169581039,440,健康魷魚羹,restaurant,25.0533241,121.5533821
4147389967,552,85度C,cafe,25.0146091,121.4718658
5564542414,444,大帥素食館,restaurant,25.0557964,121.6110372
7216240735,401,大心,restaurant,25.0638045,121.5502453
7175344494,367,吉野家,restaurant,25.0723036,121.5939438
7170215590,402,白象泰式料理,restaurant,25.0622690,121.5769587
6116228263,287,八方雲集,restaurant,25.1025964,121.5228762
7211425747,404,六丁目拉麵,restaurant,25.0670224,121.5997073
5661007797,388,帕先生,restaurant,25.0587499,121.3682065
5110491046,399,歐吧嗒韓國炸雞,restaurant,25.0636316,121.5230663
4465906943,593,85度C,cafe,24.9950019,121.4227760
5178049427,248,蕭家牛肉麵,restaurant,25.1111063,121.5162853
2460626585,439,成都抄手麵食,restaurant,25.0534076,121.5431937
2183209941,477,定食八,restaurant,25.0336870,121.5388776
6805098962,443,麥味登,restaurant,25.0559366,121.6063583
3884769304,406,McDonald's,fast_food,25.0655469,121.6320365
3785982722,475,林家乾麵,restaurant,25.0302309,121.5141082
6028697343,593,豐華包子店,restaurant,24.9935343,121.4275878
7175344737,211,燒酒狸居食屋,restaurant,25.1301439,121.4715922
3725707062,475,龍記搶搶鍋,restaurant,25.0417985,121.5109493
3497480272,555,匯 日本料理,restaurant,25.0058681,121.5107039
7365964055,397,享味清粥,restaurant,25.0652290,121.4990188
3953673668,440,達美樂,restaurant,25.0537913,121.5606028
7175344669,186,來我家海鮮飲食店,restaurant,25.1391450,121.4855502
4754476217,478,豆腐尼亞,restaurant,25.0309990,121.5534348
4384259231,648,30 Thirty Cafe,cafe,24.9827951,121.5417635
7170215706,397,心妙素食自助餐),restaurant,25.0624669,121.5026172
4478561990,799,池家肉圓,restaurant,24.9269137,121.3744517
3725707059,475,阿樹小吃,restaurant,25.0417509,121.5109540
3656419728,514,台電勵進餐廳,restaurant,25.0279751,121.5248418
3835349476,649,Mark coffee,cafe,24.9799442,121.5564201
5149019983,405,金爸爸,restaurant,25.0583531,121.6156819
3716597064,352,阿勳食堂,restaurant,25.0783673,121.3741787
3603954035,640,同流荷屋,restaurant,24.9853860,121.4179812
7138715763,213,芽米日子,restaurant,25.1374262,121.5025366
5110348778,478,元氣早餐,restaurant,25.0336390,121.5573146
5562886140,436,Stay with Me 吃麵吧！,restaurant,25.0441587,121.5028860
6855627858,248,鍋董日式涮涮鍋,restaurant,25.1152681,121.5091042
3136977988,399,東寶小吃店,restaurant,25.0647968,121.5263789
5188164521,325,比臉大雞排,fast_food,25.0899220,121.5230710
4327978979,599,麥當勞,fast_food,24.9982362,121.5164621
4880964021,515,鬍子茶,cafe,25.0224101,121.5431822
2913964074,139,口吅品麻辣臭豆腐,restaurant,25.1716886,121.4456816
2726480268,552,鼎泰豐,restaurant,25.0136355,121.4665992
3955465462,440,日式拉麵,restaurant,25.0530425,121.5608814
7004093433,437,高湯屋,restaurant,25.0495818,121.5127071
6720844042,512,八方雲集,fast_food,25.0249537,121.4948991
4202524080,648,明德素食園,restaurant,24.9826349,121.5347944
4866077221,399,Migo's Cakes,cafe,25.0570836,121.5198063
2460009314,438,西堤牛排,restaurant,25.0522848,121.5282072
7194706853,482,福咖哩,restaurant,25.0416231,121.6181000
6618376315,439,山本拉麵,restaurant,25.0530760,121.5364158
2252197564,19,鐵路便當,restaurant,25.2597268,121.5026951
7175344620,405,紫米飯糰,restaurant,25.0696537,121.6181071
6422218522,437,MWD,cafe,25.0524574,121.5103569
2386218385,514,鍾國麵食,restaurant,25.0220310,121.5262492
4293343219,514,AGCT apartment,cafe,25.0213240,121.5332343
5110490289,399,草蔬宴,restaurant,25.0573669,121.5323374
4820442569,471,詹記麻辣火鍋,restaurant,25.0379640,121.4472406
5342315721,397,今大関係餐飲面店,restaurant,25.0645859,121.4919166
7211522196,437,米粉湯,restaurant,25.0501028,121.5175288
3465544632,599,三哥海鮮快炒店,restaurant,24.9972477,121.5053100
4384259229,648,鮮五丼,restaurant,24.9830369,121.5421764
5078645133,476,真北平,restaurant,25.0319535,121.5194744
3039574433,433,美麗角早午餐,restaurant,25.0537951,121.4579390
4332194890,365,星巴克,cafe,25.0728983,121.5757830
4118442356,437,貞食寨快餐,restaurant,25.0456416,121.5142541
3536201194,438,Subway,fast_food,25.0459953,121.5192826
3673009082,548,Hamdas,restaurant,25.0110689,121.4126221
2804449464,478,Health陽光花園素食主義,restaurant,25.0420499,121.5564468
3921966383,640,阿美小吃店,restaurant,24.9794711,121.4213460
3031506634,138,裕元牛肉麵,restaurant,25.1697436,121.4425880
3901016958,762,早安美芝城 三峽活力大德,restaurant,24.9458238,121.3755824
7138715768,213,阿義師,restaurant,25.1368715,121.5026895
2293203425,399,丸林魯肉飯,restaurant,25.0682920,121.5247239
7194706826,651,華越美食,restaurant,24.9869727,121.5785694
7211419031,404,關東煮、鹽酥雞,restaurant,25.0669304,121.6009008
4834761770,557,好鄰居,restaurant,25.0033860,121.5406255
7138715794,213,手作雞絲飯,restaurant,25.1331819,121.5029475
4033134228,694,富順樓,restaurant,24.9623509,121.5389634
6199090814,287,朝 大眾酒場,restaurant,25.1015672,121.5218823
6116228265,287,王董ㄟ茶葉蛋,restaurant,25.1026872,121.5228499
7211425802,480,九份芋圓臭豆腐肉圓,restaurant,25.0367257,121.5793839
3812406068,601,康泰泰式料理,restaurant,24.9938580,121.5447591
3700823286,358,COME BUY,cafe,25.0808536,121.4613237
2456412701,439,龍門廣式燒臘,restaurant,25.0474137,121.5420514
3598560293,437,張家清真牛肉麵,restaurant,25.0456479,121.5107004
7194706852,697,談天園,restaurant,24.9685793,121.5851875
5585775152,480,西雅圖咖啡,cafe,25.0414792,121.5792928
3404010531,510,周家基隆廟口營養三明治,restaurant,25.0188904,121.4669174
2925685601,139,大埔鐵板燒,restaurant,25.1721399,121.4465148
3740826755,724,瑞麟美而美 柑園一店,restaurant,24.9566141,121.3970702
2572568069,440,伯朗咖啡,cafe,25.0479631,121.5498259
7211425753,442,巨森早餐吧,restaurant,25.0456057,121.5870904
4198238520,438,摩斯漢堡,fast_food,25.0507416,121.5302086
6969436653,694,渝記川味,restaurant,24.9681219,121.5405169
7153752250,439,臭豆腐,restaurant,25.0442187,121.5362816
3929888382,601,孫爸麵食,restaurant,24.9925284,121.5396089
3296340301,649,木新飯包,restaurant,24.9820924,121.5620658
6323106743,437,葡吉,restaurant,25.0492598,121.5179300
7170215760,442,田園日本料理,restaurant,25.0507500,121.5829033
6026908754,440,Jamba Juice,cafe,25.0521115,121.5484113
6180749162,648,重慶酸辣粉,restaurant,24.9868521,121.5472293
3939158497,480,金仙滷肉飯,restaurant,25.0392828,121.5779955
4908891031,388,唐廚,restaurant,25.0587111,121.3639336
3622985422,438,鬍鬚張魯肉飯,restaurant,25.0439776,121.5257615
5108709466,601,石川食舖一號店,restaurant,24.9950060,121.5445124
6499848168,398,台南碗粿,fast_food,25.0571328,121.5139604
4201523121,602,聚酩豐,restaurant,25.0007685,121.5501731
2914010813,139,小李川菜,restaurant,25.1736924,121.4502749
5109347767,514,In House Residential,restaurant,25.0258199,121.5294079
6115731082,287,鍋天宴,restaurant,25.1027096,121.5247687
4528479797,551,Wing Flight飛鏢桌遊輕食館,cafe,25.0109189,121.4497865
4520207471,732,牛奶屋,restaurant,24.9615120,121.5100468
3179290257,399,懷念好味道林森站,restaurant,25.0652164,121.5254592
1740386289,734,羶大王養生帶皮羊肉爐,restaurant,24.9528168,121.5406657
3663938130,400,258 自然Ｑ豆花,restaurant,25.0618762,121.5359380
7394537388,368,JOMO COFFEE,cafe,25.0729204,121.6099172
5110348682,440,泰鄉雲清真料理,restaurant,25.0497489,121.5527372
2912292001,138,Amanda,restaurant,25.1714886,121.4385003
5551919122,514,vino,restaurant,25.0232526,121.5281501
4820442011,471,LATTE綠蓋茶,restaurant,25.0414304,121.4459540
3740826729,725,巨林美而美,restaurant,24.9601783,121.4022393
3156211611,433,金革自助餐,restaurant,25.0456935,121.4515169
7211419055,480,燒肉龍,restaurant,25.0361905,121.5788074
4253208238,514,美味坊早餐,restaurant,25.0166590,121.5307395
3113986019,399,洪記豆漿,restaurant,25.0648048,121.5261833
7170215774,442,竹村居酒屋,restaurant,25.0473163,121.5808420
5110489246,438,咖啡瑪榍,cafe,25.0531678,121.5211830
4524863562,477,黑輪伯,restaurant,25.0407745,121.5439639
4355217268,640,蕃茄村漢堡  樹林中華店,restaurant,24.9801115,121.4157779
3270568176,438,La Pasta,restaurant,25.0536765,121.5202796
3203629661,352,肯德基,fast_food,25.0708699,121.3733658
3045042343,439,我家牛排,restaurant,25.0546745,121.5344739
4149564877,556,金牛座平價牛排,restaurant,25.0154752,121.5325384
3006036109,437,星巴克,cafe,25.0463982,121.5168781
4307603600,325,肯德基,fast_food,25.0872922,121.5259863
7211425730,480,布咪創意早午餐,restaurant,25.0401203,121.5888286
3704355299,516,珍味園,restaurant,25.0279503,121.5537036
2930465706,138,丹堤咖啡,cafe,25.1696690,121.4417975
3051933199,213,小張媽麵店,restaurant,25.1263375,121.5017707
6781231887,365,晴木千層豬排,restaurant,25.0793422,121.5692496
7194706849,398,馥鍋日式涮涮鍋,restaurant,25.0691732,121.5139732
7095347142,439,吽燒肉Grill & bar,restaurant,25.0447376,121.5477978
2679987478,514,錢都刷刷鍋,restaurant,25.0225200,121.5263964
3270246664,401,CafeBallet芭蕾咖啡館,cafe,25.0572092,121.5600903
3707814412,762,江醫師追求零污染舖子 三峽北大店,restaurant,24.9445800,121.3771886
3307881907,440,青春TAPAS,restaurant,25.0448473,121.5508422
6033393085,361,小鳳米粉湯,restaurant,25.0717419,121.5159408
3664309156,139,東東素食,restaurant,25.1704884,121.4462442
3673124350,469,麥當勞,fast_food,25.0398291,121.4249093
7037337593,476,羅媽媽米粉湯,restaurant,25.0346955,121.5269531
3358019493,761,大嬸婆,restaurant,24.9419096,121.3604089
5996084742,325,美國大生蠔,restaurant,25.0893193,121.5251304
1736930339,552,四季便當,restaurant,25.0071579,121.4617031
7175344522,477,范姜川味牛肉麵,restaurant,25.0338087,121.5390115
7194706818,362,老蔡水煎包,restaurant,25.0718139,121.5196085
4394603478,762,台越小吃店,restaurant,24.9419326,121.3761181
3835377574,650,好琦小館,restaurant,24.9834592,121.5674733
4298924690,516,香港鳳盛燒臘,restaurant,25.0293092,121.5622913
3476696153,598,古早味鹹湯圓,restaurant,24.9981698,121.4987686
2402006229,648,赤肉胡椒餅,restaurant,24.9878718,121.5336956
2509348958,593,55黑白切,restaurant,24.9967075,121.4197179
6265601300,557,小點廳,restaurant,25.0039646,121.5415115
5207831024,287,加來川湘菜館,restaurant,25.1063571,121.5319738
1962821287,396,滷底撈,restaurant,25.0616146,121.4832894
6060092206,474,路易莎咖啡,cafe,25.0353896,121.4990783
7175344698,249,磺溪小鎮,restaurant,25.1234313,121.5254132
6406116986,510,一京咖哩,restaurant,25.0232065,121.4638249
5274529022,399,天外天,restaurant,25.0628301,121.5282184
4520207480,692,安德肉羹,restaurant,24.9625857,121.5113676
4325693461,438,咖食堂,restaurant,25.0435659,121.5314736
2203268928,734,八方雲集,restaurant,24.9568915,121.5381187
4340635851,475,金瓜米粉,restaurant,25.0316667,121.5183023
4058519112,601,霸氣風味套餐,restaurant,24.9987407,121.5446686
2643630561,353,粥遊列國,restaurant,25.0773320,121.3933221
4058078350,402,錦富日式料理,restaurant,25.0603065,121.5628565
4834782526,694,東發排骨飯,restaurant,24.9683082,121.5450189
2935820265,515,芝加哥比薩,restaurant,25.0222651,121.5435572
2321753039,650,阿里郎韓國小吃,restaurant,24.9881187,121.5739779
3289925762,640,金石經濟小吃,restaurant,24.9808442,121.4154953
2179271806,325,必勝客士林中正店,fast_food,25.0951492,121.5258242
4298897617,439,無雙,restaurant,25.0447025,121.5450771
3959169081,762,頤園漢堡三明治,restaurant,24.9475210,121.3730849
5836263052,388,界香美食,restaurant,25.0587635,121.3698511
4307554215,248,城市漢堡,restaurant,25.1176010,121.5130288
6720844029,398,Lab Man Mano,cafe,25.0620492,121.5105867
5923254986,479,無印良品咖啡,cafe,25.0360891,121.5672620
2993340533,139,珍寶港式燒臘,restaurant,25.1776739,121.4490005
3633921418,479,Starbucks,cafe,25.0340126,121.5748917
6144633989,398,威輪單車咖啡,cafe,25.0573082,121.5088645
4483316500,325,百八漁場,restaurant,25.0944392,121.5249000
6853020387,640,雙鳳快餐,restaurant,24.9805714,121.4192509
5591399614,442,錢都涮涮鍋,restaurant,25.0445913,121.5819824
7194706875,482,麥多多早餐店,restaurant,25.0393060,121.6214189
5564549030,444,阿西麵店,restaurant,25.0551618,121.6153443
7213752469,479,瓦城 Thai Town,restaurant,25.0405324,121.5672036
5571196675,442,美味素食館,restaurant,25.0436885,121.5810282
3459708897,514,豪季水餃專賣店,restaurant,25.0160342,121.5310476
5290941554,353,芳鄰 包子饅頭,restaurant,25.0800989,121.3883154
6190476414,514,鼎記燒臘,restaurant,25.0237034,121.5314278
7095334651,477,台北牛乳大王,restaurant,25.0422495,121.5455844
3058431932,436,牛鍋牛肉火鍋,restaurant,25.0547172,121.4936683
5110491040,399,咖啡堂,cafe,25.0645590,121.5249373
2315944919,601,四海遊龍,restaurant,25.0021210,121.5391273
2643657690,353,池上飯包,restaurant,25.0784488,121.3970367
3439256633,802,黑豬肉香腸,restaurant,24.9234185,121.4283570
7004093447,437,GraPARI TAIPEI,restaurant,25.0500550,121.5107826
2558214795,515,莫宰羊,restaurant,25.0238609,121.5343595
7170236085,187,七褔牛肉麵水餃店,restaurant,25.1452117,121.4942916
7211425549,373,麥味登,restaurant,25.0826346,121.6952105
7365923875,397,蔡家三絲丸蚵仔煎,restaurant,25.0646607,121.4992023
7175344585,513,大鐤肉羹,restaurant,25.0256348,121.5072723
3304641849,440,天和鮮物 LiGHT 365,restaurant,25.0465794,121.5493034
6022368550,325,北大牛排,restaurant,25.0897826,121.5266061
6114714478,515,甜品屋,restaurant,25.0222034,121.5429161
2936706301,139,謝謝魷魚羹,restaurant,25.1719748,121.4471854
7056032339,438,天天倈海鮮,restaurant,25.0513641,121.5272594
3812405156,601,味之美早餐店,restaurant,24.9960242,121.5473671
5534938272,211,台G店,restaurant,25.1364854,121.4602419
7271312497,139,超猛的小火鍋壽喜燒,restaurant,25.1726187,121.4504711
3111003103,438,螺絲瑪莉,restaurant,25.0516733,121.5219255
6254005986,475,金花炭烤吐司,cafe,25.0416503,121.5064555
7194706789,398,認真煮麵,restaurant,25.0658386,121.5132208
7213037285,515,好好吃麵,restaurant,25.0239349,121.5429289
4846801498,596,八方雲集,restaurant,24.9975691,121.4636381
3210313415,515,羅胖子倉鍋麵,restaurant,25.0250392,121.5450239
2799084319,367,商越涮涮鍋,restaurant,25.0818372,121.5926210
4142127605,514,泰街頭,restaurant,25.0197776,121.5322125
7022030546,399,美天,restaurant,25.0574217,121.5223691
7194706724,444,小植茁植物料理,restaurant,25.0472017,121.6157260
7194706782,361,金好呷好吃雞肉飯,restaurant,25.0719267,121.5155303
4040070708,640,麥味登精緻早餐,restaurant,24.9773600,121.4169964
6654640262,601,傳統小吃牛肉麵,restaurant,24.9976518,121.5448581
5108743321,601,呷尚飽,restaurant,24.9999280,121.5400085
3723976539,515,大連風味館,restaurant,25.0272463,121.5436861
3433828696,762,麥當勞,fast_food,24.9362361,121.3723976
4080958997,600,早餐店,restaurant,24.9916070,121.5261138
4524325835,542,福新正宗福隆便當,restaurant,25.0160251,121.9448327
4449004596,513,麵店,restaurant,25.0222507,121.5174826
3181917425,476,品悅糖,restaurant,25.0298456,121.5292867
7211425505,374,塘老鴨漢堡早餐店,restaurant,25.0826863,121.6991980
4836651128,214,拾米,restaurant,25.1370594,121.5043714
6763209780,478,樂麵屋,restaurant,25.0400002,121.5522073
2551991669,514,雲泰小飯館,restaurant,25.0261846,121.5282758
2723024933,552,樂麵屋,restaurant,25.0145838,121.4637308
4325693935,606,深坑三拾堂食府,restaurant,25.0012133,121.6129178
7175344615,249,麥味登,restaurant,25.1227046,121.5243639
1989917292,363,Housebistro,restaurant,25.0808310,121.5465506
4820442587,433,紅豆湯-果汁,restaurant,25.0491714,121.4473679
5281018821,321,肯德基,fast_food,25.0872241,121.4713620
7211425795,480,八方雲集,restaurant,25.0387940,121.5855662
7175344707,515,海福岡日本料理海鮮熱炒,restaurant,25.0283497,121.5467466
2386218384,514,珍咖啡坊,cafe,25.0219857,121.5263205
2085905630,784,公路飯店,restaurant,24.9361832,121.7029428
4102517189,477,理想。時光,cafe,25.0316813,121.5442636
2529515763,694,85度C,cafe,24.9694401,121.5458069
7194706883,483,龜山巷小吃店,restaurant,25.0376162,121.6247075
3440499392,554,蛋記麻油雞,restaurant,25.0040622,121.4963456
6317506249,95,漢堡王,fast_food,25.1981622,121.4386893
7175344794,368,巨林美而美,restaurant,25.0732829,121.6184541
4699309216,467,路易．莎咖啡,cafe,25.0403973,121.3886596
3955465463,440,咖喱燴飯,restaurant,25.0531430,121.5608860
5110491051,399,吃味,restaurant,25.0645496,121.5244479
5779562116,325,台南碗糕,restaurant,25.0944590,121.5260459
4784285269,433,綠玟素食,restaurant,25.0508839,121.4518244
7118647625,514,OXOX創意漢堡,restaurant,25.0167722,121.5328002
906718322,444,Vegetarian Buffet,restaurant,25.0554901,121.6138715
6909123839,602,麵攤,restaurant,25.0012064,121.5507147
4524864024,439,醉紅樓潮州菜館,restaurant,25.0472309,121.5432187
7175344729,442,素真香素食餐館,restaurant,25.0462291,121.5776147
5236190830,287,49號食堂,restaurant,25.1071839,121.5266043
4101227397,596,郵局口滷味,restaurant,25.0008191,121.4688305
2861307508,438,阜杭豆漿,restaurant,25.0442057,121.5247742
4492620957,593,Mister Donut,cafe,24.9971416,121.4211741
3416263830,598,福隆鄉野便當,restaurant,24.9984552,121.4995592
3981536778,365,西雅圖極品咖啡,cafe,25.0820936,121.5658513
4314508105,593,m&m Burger 咬一口漢堡,fast_food,24.9927272,121.4219465
3596859027,476,山海樓,restaurant,25.0379980,121.5313667
5110348645,478,角窩美式餐酒館,restaurant,25.0323801,121.5589868
1833133779,248,5F布查花園法式餐廳,restaurant,25.1217625,121.5141450
3670390142,478,騷豆花,cafe,25.0427165,121.5555786
7138715831,288,桶一天下,restaurant,25.1100098,121.5351742
7138715825,216,2派克脆皮雞排,restaurant,25.1376355,121.5464286
7211425831,374,132鍋燒麵,restaurant,25.0820670,121.6963174
2949647951,399,阿圖麻油雞,restaurant,25.0640296,121.5255691
6903439597,439,Alley 97 Cafe,cafe,25.0509352,121.5334815
7175344692,441,角頭炙燒牛排,restaurant,25.0508937,121.5768868
2597965510,476,巧克哈客,restaurant,25.0330890,121.5300833
2602522492,439,郭家擔子麵,restaurant,25.0494534,121.5420739
6873696160,438,Middle Name,cafe,25.0516557,121.5201429
6134981416,478,Iyasaka,restaurant,25.0426480,121.5569618
4406983440,599,花媽壽司,restaurant,24.9967487,121.5117290
4340703272,360,艾隆義式麵食館,restaurant,25.0706275,121.4961123
5110245067,477,二馬食飲,restaurant,25.0337703,121.5341899
2618514285,211,達文士義大利餐廳,restaurant,25.1334574,121.4703511
4934219221,365,Holly Brown Cafe,restaurant,25.0748406,121.5747677
3835345491,650,smile義式廚房,restaurant,24.9848378,121.5642275
2392237986,400,金華六一,restaurant,25.0616213,121.5349833
3716597063,352,卷壽司,restaurant,25.0798485,121.3746218
4524864188,437,和定食,restaurant,25.0447231,121.5071778
3811140841,557,萬隆燒臘,restaurant,25.0037217,121.5384261
3639047700,438,131.1 Cafe & Bistro,restaurant,25.0542448,121.5332890
7004248038,364,美琪蒙古烤肉,restaurant,25.0834849,121.5571730
4236823702,734,不一羊小羊肉,restaurant,24.9528601,121.5430258
7175334770,441,蚵埕,restaurant,25.0435858,121.5718893
7194706807,367,JoJo Cafe&Bistro,restaurant,25.0790260,121.5990561
3326707148,555,海力士,restaurant,25.0084375,121.5081248
5455666174,680,四海遊龍,restaurant,24.9635070,121.3335136
3714789191,479,八方雲集,restaurant,25.0403543,121.5718326
7194706992,651,八角和食,restaurant,24.9869137,121.5787734
3846399470,439,Subway,fast_food,25.0524343,121.5359164
689489025,515,麥當勞,fast_food,25.0256834,121.5436866
4983985652,399,三顧茅廬 麻辣滷味,restaurant,25.0578576,121.5247379
7175344662,515,美而美,restaurant,25.0287317,121.5460897
4834782528,734,郵局口老麵,restaurant,24.9526468,121.5471710
4018215242,599,臺南無刺虱目魚,restaurant,24.9929501,121.5048693
7004093434,437,福氣來餐飲連鎖,restaurant,25.0496355,121.5125071
7211425694,480,肉燥餛飩麵,restaurant,25.0381541,121.5849987
6127553958,593,翰林茶棧,cafe,24.9956413,121.4283507
3533380293,438,泊咖啡,cafe,25.0531644,121.5316569
2572568043,437,一條龍餃子店,restaurant,25.0433329,121.5075957
2533703680,439,牛家村,restaurant,25.0489083,121.5422329
3767530275,601,人从众厚切牛排,restaurant,24.9899336,121.5411396
4394603471,762,韓濤館韓式烤肉,restaurant,24.9425272,121.3757496
6682102622,439,摩斯漢堡,fast_food,25.0483036,121.5335445
7170215789,366,吾思學人,restaurant,25.0818735,121.5913840
7138715775,213,阿芳越南食,restaurant,25.1363561,121.4992083
6084211139,287,摩威咖啡館,cafe,25.1062140,121.5229157
7320973051,437,義7 Pasta,restaurant,25.0453703,121.5161557
7194706869,167,辛亥光復樓,restaurant,25.1596054,121.5397651
2159009369,439,克利斯廚房,restaurant,25.0511703,121.5372011
4200643976,558,處女座咖啡茶館,restaurant,25.0031098,121.5506629
7022030579,438,池上飯包,restaurant,25.0540783,121.5314618
2913705001,139,蔡家餃子館,restaurant,25.1773549,121.4471654
4007811648,601,蚵仔麵線,restaurant,24.9926482,121.5416250
2473232881,515,李記水餃,restaurant,25.0221248,121.5427517
2784761338,551,全香豆花店,restaurant,25.0095142,121.4566576
3846216568,650,香屋素食西餐,restaurant,24.9824670,121.5636437
3777737233,514,沙威瑪,restaurant,25.0171141,121.5322016
6874571885,141,三空泉休閒農場,restaurant,25.1661651,121.4744766
5110245053,514,雙囍餐廳,restaurant,25.0278199,121.5212678
4733335470,599,黃家麵線,restaurant,24.9891729,121.5124721
7092837888,439,洛碁廚房,restaurant,25.0510871,121.5363340
3836711946,441,雪菜素包 · 油豆腐細粉,restaurant,25.0516018,121.5655934
4369751694,552,zs1d305號,cafe,25.0147541,121.4714477
7004248032,364,熱火美式牛排,restaurant,25.0833512,121.5567698
4580609858,475,吉坤便當屋,restaurant,25.0300643,121.5160642
3019446233,139,噴火龍碳烤三明治,restaurant,25.1775676,121.4495377
7175344681,479,香廚炒飯專賣店,restaurant,25.0403763,121.5771177
5110349491,366,全國健康素食,restaurant,25.0798936,121.5903479
2935765096,400,聖德素食,restaurant,25.0610197,121.5340707
2643657701,353,周師傅便當,restaurant,25.0786983,121.3896441
5639797664,298,麥軒活力站,restaurant,25.0991118,121.7561033
5839792243,515,大漢堡早餐店,fast_food,25.0275547,121.5459249
6456858885,400,捲餅咬鹿,cafe,25.0603203,121.5383336
7037347315,399,唐滷,restaurant,25.0578639,121.5209227
1720009080,364,摩斯漢堡,fast_food,25.0810845,121.5486829
2470166027,648,八廚師小籠湯包,restaurant,24.9870246,121.5407317
3328449211,597,三商巧福,restaurant,24.9960605,121.4878031
6269043217,602,八方雲集,restaurant,24.9999490,121.5482873
4290644889,640,來發咖啡吧,cafe,24.9812964,121.4191679
2643630558,353,八方雲集,restaurant,25.0773362,121.3932427
4507944591,740,美伶咖啡,cafe,24.9562576,121.6240584
6134452974,437,石研室石頭火鍋,restaurant,25.0458029,121.5171380
5564549090,455,十分便當,restaurant,25.0445570,121.7792612
7169581016,440,美吉寶,restaurant,25.0491340,121.5551802
7365964002,397,星巴克,cafe,25.0659657,121.4966348
3104135678,438,Single & Double,cafe,25.0535680,121.5310339
7235632167,437,天丼,restaurant,25.0479841,121.5173572
7211425517,479,越南東家餐廳,restaurant,25.0337724,121.5751771
3205736957,509,Pizza Hut 必勝客,restaurant,25.0191713,121.4555651
4740874683,367,川老爺麻辣鍋,restaurant,25.0739914,121.6058782
6422218527,437,有木的森,cafe,25.0549072,121.5092822
5266028749,216,轉角的店,restaurant,25.1374632,121.5422862
5189833121,249,四一町鍋物,restaurant,25.1186900,121.5274917
3664309157,139,喜樂牛肉麵,restaurant,25.1686046,121.4465003
3006036106,437,摩斯漢堡,fast_food,25.0481060,121.5176662
2857339292,440,摩斯漢堡,fast_food,25.0506643,121.5496173
3732211225,477,Homey's cafe,cafe,25.0408922,121.5466043
3304641867,477,爭鮮迴轉壽司,restaurant,25.0420579,121.5464082
7194706942,650,極鮮滷味,restaurant,24.9796646,121.5711686
5201380621,249,濟州館,restaurant,25.1122069,121.5304639
4569822960,475,西門麵店,restaurant,25.0419587,121.5058036
7169581023,440,胖哥乾麵,restaurant,25.0491531,121.5543983
5108709485,601,草地水缸,restaurant,24.9897949,121.5410167
6376059483,477,小樽早餐店,restaurant,25.0316543,121.5437765
4999623454,650,Subway,fast_food,24.9886164,121.5766066
7175344525,513,艋舺米粉嫂,restaurant,25.0273914,121.5104677
5495184322,325,牛棒碗安,restaurant,25.0917782,121.5253707
5783689213,440,台灣航海王餐廳,restaurant,25.0432275,121.5495294
6006692386,480,溫州大餛飩;1號門,restaurant,25.0349680,121.5799861
2667124119,648,大豐牛肉麵,restaurant,24.9796517,121.5395259
3835342096,649,曲家麵館,restaurant,24.9819706,121.5615950
2143411203,327,金春發牛肉麵,restaurant,25.0847341,121.5570903
4943766918,437,山肴鮨,restaurant,25.0517333,121.5185142
2941381201,138,福來餐廳,restaurant,25.1703418,121.4395951
6131867501,762,添財號炭烤牛排/三明治,restaurant,24.9429381,121.3720919
5151431622,288,松田小吃店,restaurant,25.0978945,121.5468065
2456412697,439,馥田鐵板燒,restaurant,25.0485957,121.5419989
5110348734,440,食飯,restaurant,25.0471753,121.5593419
2912527401,139,滷味王,fast_food,25.1744737,121.4524088
7170215783,442,尊王快炒,restaurant,25.0474052,121.5782138
7175344724,477,餵我早餐,restaurant,25.0327544,121.5392745
3424888992,598,全真素食火鍋鐵板燒,restaurant,25.0022641,121.4986496
3699875994,444,老家牛肉麵店,restaurant,25.0446716,121.6159739
5336385005,388,麥味登文化店,restaurant,25.0603000,121.3621833
2791898320,402,Subway,fast_food,25.0608557,121.5633757
4449757812,438,八方雲集,restaurant,25.0513585,121.5214946
6969436659,694,東石蚵仔大腸麵線,restaurant,24.9678933,121.5408924
7004212090,477,黄河蜀魚館,restaurant,25.0400741,121.5369738
7211425497,442,溫州大餛飩,restaurant,25.0460518,121.5867512
3714789203,479,排骨酥麵食館,restaurant,25.0394939,121.5718312
2616979026,692,貴族世家牛排,restaurant,24.9637131,121.5158074
4040070707,640,紅樹林雞肉飯,restaurant,24.9773977,121.4170919
2529516309,648,試院精緻自助餐,restaurant,24.9870699,121.5475325
7170215724,403,長疆羊肉爐,restaurant,25.0578893,121.5807139
2691398078,249,MOS,fast_food,25.1223698,121.5269340
4834782541,648,緬甸農莊,restaurant,24.9802432,121.5421230
5255108421,287,朝安自助早餐,restaurant,25.1073992,121.5278135
5110490239,437,麵太郎,restaurant,25.0464130,121.5072628
4111272307,437,邱媽媽的店,restaurant,25.0452309,121.5165060
7194706770,362,巷口麵店,restaurant,25.0740659,121.5191691
2302589912,367,哈土司早午餐,restaurant,25.0827858,121.5961723
7138715764,213,鍋董日式涮涮鍋,restaurant,25.1375410,121.5027416
2302529891,367,龍祥燒臘,restaurant,25.0834666,121.5955959
3821098480,734,香港永康快餐,restaurant,24.9592076,121.5382954
6323106734,437,八方雲集,restaurant,25.0470060,121.5166989
2591743453,402,蕭家牛雜湯,restaurant,25.0587411,121.5660345
2178660160,438,香和牛排,restaurant,25.0499479,121.5201792
3414322534,640,茶寶鬆餅屋,restaurant,24.9796378,121.4189224
4928425242,439,丼賞,restaurant,25.0517543,121.5338799
6028745237,593,早餐店,restaurant,24.9937250,121.4277921
3506376820,908,圳子頭,restaurant,24.8898780,121.3744970
2636660240,433,麥當勞,fast_food,25.0529404,121.4448630
3714789197,479,小黑人米苔目,restaurant,25.0397931,121.5718312
7211419077,443,滿客港式燒臘店,restaurant,25.0557920,121.6059514
5201843925,325,牛廚麵食,restaurant,25.0944077,121.5256922
5219072821,249,kidchen club,restaurant,25.1149626,121.5275143
1735966207,476,麥當勞,fast_food,25.0294327,121.5186686
3100254479,694,周胖子餃子館,restaurant,24.9712080,121.5428701
4102554389,556,韓江韓國烤肉,restaurant,25.0158691,121.5308491
7175344514,513,饕飽精製鍋物,restaurant,25.0259207,121.5053607
5694600823,406,雅庭涮涮鍋,restaurant,25.0680475,121.6302891
3687762584,476,NextDoor鄰居家,cafe,25.0332524,121.5294000
5529979623,479,黑蔓芭,cafe,25.0405474,121.5741100
6176758330,694,三民水煎包,restaurant,24.9734632,121.5337550
4231776393,439,逐一嘴便當,restaurant,25.0526155,121.5341146
2614385423,597,KFC,fast_food,24.9960636,121.4879826
3497480275,555,金仙魯肉飯,restaurant,25.0066026,121.5109184
5274513722,440,陳記百果園,cafe,25.0460408,121.5480542
4449757823,438,廣東客家小館,restaurant,25.0492451,121.5198222
5236189727,287,拉拉麵,restaurant,25.1083395,121.5298784
4375605292,437,馬辣頂級麻辣鴛鴦鍋,restaurant,25.0457924,121.5066764
2084130005,444,台南虱目魚,restaurant,25.0549952,121.6142043
7343450088,438,夢鹿咖啡 by tame moose,cafe,25.0519427,121.5199300
4097515389,478,摩斯漢堡,fast_food,25.0353055,121.5523685
7004274052,214,春乃家洋食館,restaurant,25.1358431,121.5062241
5110489247,438,牛角,restaurant,25.0542496,121.5223851
7211425557,479,晨間美味,restaurant,25.0383661,121.5771028
7184888478,437,小旺號鐵板捲餅,restaurant,25.0450150,121.5169996
4145333197,648,AFGO STEAK HOUSE,restaurant,24.9827700,121.5426125
6425126245,440,福華涼麵,restaurant,25.0469653,121.5593572
2756655304,437,上頂皇家素食水煎包,restaurant,25.0466226,121.5141067
4820442575,471,圓石,restaurant,25.0416075,121.4452423
3196909530,440,鬍鬚張魯肉飯,restaurant,25.0480346,121.5542368
4205229659,439,布穀鳥早餐店,restaurant,25.0522089,121.5403394
4258264108,595,山葡萄家常食窟,restaurant,24.9919499,121.4588155
5261527421,325,張媽媽小吃,restaurant,25.0867902,121.5257437
4546156880,637,攜心山靈咖啡,restaurant,24.9856928,121.3850172
5336581009,388,韓之味,restaurant,25.0580283,121.3671909
4427396476,515,香葉泰式料理,restaurant,25.0239894,121.5467436
4033359754,557,燒の鍋,restaurant,25.0036556,121.5384102
2287899400,444,海角47號熱炒99,restaurant,25.0533582,121.6165228
6715198560,476,尚大麵食館,restaurant,25.0300448,121.5267237
4961039465,352,八方雲集,restaurant,25.0706636,121.3770678
4322579090,226,金益,restaurant,25.1335602,121.8203735
5015984540,650,路易莎咖啡,cafe,24.9887318,121.5671692
6024282267,510,紅豆餅,restaurant,25.0207831,121.4652708
3699875582,444,村笠自助餐,restaurant,25.0447457,121.6159385
3664065680,365,呈榀精緻涮涮鍋,restaurant,25.0824963,121.5679237
283374380,287,温德德式烘焙餐館,restaurant,25.1063887,121.5240661
6843968627,368,池上便當,restaurant,25.0720794,121.6078819
3699875995,444,賣三頓日式蓋飯,restaurant,25.0448208,121.6159135
7112865688,516,早餐店,restaurant,25.0207023,121.5481524
7211425489,442,瑞麟美而美早餐,restaurant,25.0451689,121.5862844
2172838054,400,李掌櫃乾拌麵,restaurant,25.0586828,121.5462576
7175344580,442,夯・魯肉飯,restaurant,25.0467228,121.5775925
7170215764,442,好吃快煮店,restaurant,25.0508955,121.5817739
5245574421,325,樂 古早味蛋糕,cafe,25.0892610,121.5244470
7170215723,398,帝一好生猛快炒,restaurant,25.0654090,121.5111550
3104136228,439,伊通米苔目,restaurant,25.0526131,121.5339090
3465414837,599,老爺米苔目,restaurant,24.9973910,121.5053420
3439427200,598,麥當勞,fast_food,25.0018728,121.4961398
6579380121,514,城市草倉,cafe,25.0194593,121.5314303
3597821294,478,燈燈庵,restaurant,25.0298156,121.5501091
7170215779,442,茶壺蝦海鮮碳烤,restaurant,25.0485108,121.5796431
5504533400,601,便當飯麵,restaurant,25.0007179,121.5369075
2815096238,367,丐幫滷味,fast_food,25.0812298,121.5931043
3909253545,640,清粥小菜,restaurant,24.9789290,121.4187592
4254654848,515,Seven Fine Days,restaurant,25.0225783,121.5431146
2478854785,439,大戶屋,restaurant,25.0515877,121.5449685
2913712601,139,川霸子麻辣燙,restaurant,25.1773426,121.4483429
3196909527,440,鄧記牛肉麵,restaurant,25.0478990,121.5524320
6024253682,185,金美滿,restaurant,25.1378971,121.4621645
4328118410,557,話聚設,cafe,25.0088272,121.5375654
7138715799,213,吉品小火鍋,restaurant,25.1343391,121.5027323
3812406067,601,幸福80號早餐店,restaurant,24.9951314,121.5456783
4200642688,601,快樂媽媽早餐店,restaurant,24.9997638,121.5461214
7175344496,249,瓦城泰國料理,restaurant,25.1189112,121.5234211
7194693265,325,巧克力雲莊,restaurant,25.0929785,121.5268034
7194706822,482,魷魚羹麵,restaurant,25.0421591,121.6179584
7211425816,403,Mini食堂,restaurant,25.0680959,121.5859969
4344542425,438,又一村水餃,restaurant,25.0494671,121.5264418
7211419052,479,蕭家老麵饅頭,restaurant,25.0372980,121.5773023
4334127489,734,瑠公便當,restaurant,24.9593375,121.5379077
2592662809,394,林肯麵館,restaurant,25.0660727,121.4582716
2913961191,139,胡記牛肉麵水餃,restaurant,25.1718596,121.4459188
2799088237,433,龍鳳圓環滷肉飯,restaurant,25.0536117,121.4579417
6893176335,408,來發食堂,restaurant,25.0616412,121.6540502
6180428009,408,鵝肉周,restaurant,25.0675496,121.6560871
4791150164,599,老蔡水煎包,fast_food,24.9934070,121.5040738
2727090654,554,水上鮮生猛海鮮,restaurant,25.0023724,121.4948983
7056026977,515,池先生馬來西亞傳統料理,restaurant,25.0221764,121.5435491
7138715832,288,余家羊肉麵線,restaurant,25.1100114,121.5342213
3836729950,440,沙巴巴中東美食,restaurant,25.0439394,121.5529397
6114714477,515,師大附中水煎包,restaurant,25.0221427,121.5429148
3073803478,476,蘇杭餐廳,restaurant,25.0429596,121.5196703
6205139411,478,好太太,restaurant,25.0423999,121.5531643
5938836791,514,鮮天下鍋貼水餃專賣店,restaurant,25.0224397,121.5287341
3721398572,515,xai xing de,restaurant,25.0281647,121.5407418
5151375921,250,LA PASTA 義大利麵屋 天母店,restaurant,25.1179712,121.5365667
6605400981,408,八方雲集,restaurant,25.0617780,121.6539087
5236189725,287,阿國切仔麵,restaurant,25.1073729,121.5277035
5236189723,287,銀座日本料理,restaurant,25.1076881,121.5280522
5893874788,400,穗科手打烏龍麵,restaurant,25.0595322,121.5444003
6435675072,439,Chiffon,cafe,25.0515696,121.5405749
6969436657,694,北都美食,restaurant,24.9677644,121.5407985
3924738754,475,怡客咖啡,cafe,25.0341930,121.5075675
3078276691,439,振信茗茶,cafe,25.0463117,121.5436267
7194706874,325,摩斯漢堡,restaurant,25.0969363,121.5325693
7175344771,441,怡人早餐店,restaurant,25.0458323,121.5719516
5110245028,475,魚爸爸,restaurant,25.0305017,121.5170585
3663322173,437,日膳食堂,restaurant,25.0515515,121.5167140
2386218383,514,池上木片便當,restaurant,25.0220859,121.5261651
4739425346,367,真極品牛肉麵店,restaurant,25.0736426,121.6043224
2597965494,439,冇冇有,restaurant,25.0489167,121.5420120
3278448291,640,珍城自助餐,restaurant,24.9801158,121.4156731
2989500487,477,馬辣,restaurant,25.0421322,121.5434895
6190476400,602,總匯更好,restaurant,24.9898573,121.5488490
7175344587,441,小明拔絲地瓜,restaurant,25.0501500,121.5723735
7175344534,441,小師傅大雞排,restaurant,25.0508210,121.5766816
4571265132,139,大使館找餐店,restaurant,25.1772771,121.4504264
6180428016,408,嘉鄉麵館,restaurant,25.0636732,121.6556526
3048283875,161,帝王食補薑母鴨,restaurant,25.1630735,121.4522499
5286850714,602,孫東寶牛排,restaurant,24.9987053,121.5580778
7175344770,211,蒙滷養生麻辣煮,restaurant,25.1286322,121.4697409
3185537674,405,伯朗咖啡,cafe,25.0568191,121.6174024
7194706963,697,貓空觀鼎茶園-枝仔冰城,restaurant,24.9682249,121.5880421
5871618052,359,KFC,fast_food,25.0791550,121.4825013
5289030821,650,海天小館,restaurant,24.9867707,121.5686494
3522154794,601,來來順餡餅粥,restaurant,24.9928786,121.5392240
2142306964,399,MOS Burger 摩斯漢堡,fast_food,25.0571149,121.5225690
7194707003,361,阿仁炒飯,restaurant,25.0734278,121.5174256
4530225191,726,拉亞漢堡,restaurant,24.9603509,121.4199609
5201868821,287,HOK house of Kuo,cafe,25.0971951,121.5241530
5883210785,476,沁園,restaurant,25.0318878,121.5294663
2302589908,367,鹿港魯肉飯,restaurant,25.0825380,121.5967409
7193346182,322,美味堡,restaurant,25.0871455,121.4752677
7194706956,482,漢味王,restaurant,25.0392858,121.6211898
5110489225,511,永和豆漿,restaurant,25.0210517,121.4832520
3439256632,802,雅加達中西式早餐店 成福店,restaurant,24.9234295,121.4281313
5236378722,287,天母岡山羊肉,restaurant,25.1088223,121.5282825
6024322527,185,金佳肉焿,restaurant,25.1378170,121.4613848
6207788269,649,香港大榮燒臘,restaurant,24.9877122,121.5508038
2772750113,648,錢都日式刷刷鍋,restaurant,24.9830529,121.5407240
5110245021,557,黑特咖啡,restaurant,25.0127147,121.5359749
6440886047,444,川．椒好運,restaurant,25.0559857,121.6165200
1944052154,363,SEASON Cuisine Pâtissiartism,cafe,25.0779928,121.5462219
4142321394,601,山姆札記手作烘焙,cafe,24.9943535,121.5382772
4524864037,438,鍋神,restaurant,25.0547188,121.5310187
4166101752,480,Wolly's渥莉絲早午餐餐廳,restaurant,25.0408572,121.5788798
3268491755,639,皇室吉利堡早餐店,restaurant,24.9831113,121.4142961
6137451670,439,Ankor Wat Snacks,restaurant,25.0544554,121.5458318
3695574953,694,蓋鮮涮涮鍋,restaurant,24.9677270,121.5421265
4375336489,472,猛嘎海鮮燒物,restaurant,25.0321599,121.4676468
7175344602,366,饅對味,restaurant,25.0786267,121.5838197
7194706696,482,小幸快餐便當,restaurant,25.0414480,121.6183343
4725677839,438,正宗台式意麵,restaurant,25.0435647,121.5213785
2317183285,553,麥當勞,fast_food,25.0057583,121.4802511
1843811036,248,星巴克,cafe,25.1165285,121.5162299
4437315491,602,邱家鹽酥雞,fast_food,25.0007343,121.5519457
3424475247,598,早安!美芝城,fast_food,24.9974613,121.4942297
4317096442,437,卡馬咖啡,cafe,25.0505958,121.5167192
469812995,475,怡客咖啡,cafe,25.0422122,121.5136112
2616959875,732,必勝客披薩,fast_food,24.9616046,121.5122089
2917574236,433,台南擔仔麵,restaurant,25.0503900,121.4580389
6050422585,325,A-team,restaurant,25.0893928,121.5269583
7022030545,516,鄉村小吃店,restaurant,25.0249824,121.5500361
6189317570,360,金門仔飲料店,restaurant,25.0726279,121.4896263
4464800792,477,Post Coffee,cafe,25.0421364,121.5407500
7194706719,361,菜菜朝食nanachoushoku,restaurant,25.0717500,121.5103114
7194706810,216,Russell Restaurant,restaurant,25.1366477,121.5425624
2069470495,556,永新豆漿,restaurant,25.0088140,121.5212183
7004220031,363,瑞麟美而美,restaurant,25.0810015,121.5447387
7138715793,213,北投雞腿達人,restaurant,25.1332348,121.5028617
6527884294,643,肯德基,fast_food,24.9859848,121.4640878
7368631874,397,Duke's Pizza,restaurant,25.0633990,121.4995922
7169581010,440,尚鼎包子,restaurant,25.0483999,121.5574555
2395688567,471,水牛精神平價牛排,restaurant,25.0339199,121.4519934
6805098955,444,萬佳鄉,restaurant,25.0554669,121.6071316
2460626582,439,貳茶飲,cafe,25.0472608,121.5420939
4200643984,601,龍城便當,restaurant,24.9976442,121.5445474
3521485295,475,幼魚壽司,restaurant,25.0368357,121.5061931
7130799956,401,樂雅樂,restaurant,25.0568168,121.5520177
2734137837,555,素食,restaurant,25.0038801,121.5053341
2694661627,597,平價牛排,restaurant,25.0008256,121.4804796
3650916075,327,卡發咖啡專賣店,cafe,25.0854307,121.5599393
5012516850,515,BeansLab coffee,cafe,25.0217204,121.5409470
3887762021,514,Aura微光咖啡,cafe,25.0193814,121.5306770
4928425255,439,Maji de鐵板蓋飯居酒食屋,restaurant,25.0517577,121.5362025
3617820909,478,日月德養 麝香貓咖啡,cafe,25.0416866,121.5504425
4416370285,397,生猛活海鮮,restaurant,25.0690009,121.4911861
3851546379,476,雅竹鐵板料理,restaurant,25.0427144,121.5221439
6161253550,470,超越原味炭烤牛排,restaurant,25.0312968,121.4339141
4325693406,514,Kitchen 66,restaurant,25.0189425,121.5321413
4205229647,439,卡頌披薩,restaurant,25.0560214,121.5408897
5853115170,475,Cafe365,cafe,25.0355496,121.5079861
4242550398,600,Spezia 斯佩琪亞意式小廚,restaurant,25.0010443,121.5222306
6155070957,478,豆弄咖啡館,cafe,25.0339231,121.5592001
6553170170,438,黑露,cafe,25.0509000,121.5199497
6758676685,439,露易莎咖啡,cafe,25.0525920,121.5419969
6176758328,648,8度早午餐店,restaurant,24.9763485,121.5352145
3290344978,510,美食街早餐店,restaurant,25.0170247,121.4693521
7004093440,437,南洋小吃店,restaurant,25.0499229,121.5121603
7175344703,249,天鍋宴天母店,restaurant,25.1222735,121.5266583
2310547827,437,老天祿滷味,restaurant,25.0447085,121.5072133
3328449208,598,Pizza Hut,restaurant,25.0020452,121.4988906
2377138790,439,上海故事,restaurant,25.0511278,121.5334349
2139964583,474,大鐤肉羹,restaurant,25.0369263,121.4983312
3347627707,639,妮卡爾活力早餐,restaurant,24.9827655,121.4145640
2799088233,433,肯德基,fast_food,25.0446543,121.4525833
6152712186,351,小杜拜中東料理,restaurant,25.0722784,121.3699057
7282069388,437,朔望咖啡,cafe,25.0515129,121.5132637
4963866724,507,米苔目,restaurant,25.0288301,121.4264528
3731276610,723,食在自然 北大店,restaurant,24.9498639,121.3786128
3391166511,476,盛園絲瓜小籠湯包,restaurant,25.0338434,121.5238553
4267540590,478,叁合院,restaurant,25.0421327,121.5480344
5884543616,477,馬丁咖啡,cafe,25.0348106,121.5458894
4194681689,477,阿宗麵線,restaurant,25.0420161,121.5444098
4450921878,658,八方雲集 華梵店,fast_food,24.9814472,121.6909969
4318556090,437,三元號,restaurant,25.0543278,121.5145371
5495179221,325,士林甜不辣,restaurant,25.0911766,121.5255723
7175344572,249,拿坡里披薩,restaurant,25.1189088,121.5235386
4298897645,439,涵湘私房菜,restaurant,25.0539318,121.5343587
5608367440,325,點一杯 金格食品,cafe,25.0961640,121.5242018
3341995428,640,艇王生猛海鮮台菜料理,restaurant,24.9822665,121.4196268
3761256608,593,菲啡咖啡,cafe,24.9891191,121.4214181
4433646392,475,元佃食堂,restaurant,25.0302939,121.5166577
3127042626,475,福華劇院軒,restaurant,25.0354808,121.5183386
5088772962,474,清水排骨麵,restaurant,25.0366014,121.4986929
4033147902,648,星巴克,cafe,24.9825481,121.5407565
5687173437,593,Starbucks,cafe,24.9957740,121.4282724
2880238736,439,阿鴻豆花,cafe,25.0481739,121.5423338
2974408575,482,可道素食,restaurant,25.0386729,121.6170540
6499848128,437,早餐吃了沒,fast_food,25.0546165,121.5102620
4773229125,365,老倉庫,restaurant,25.0807983,121.5680347
4822637821,249,番紅花印度美饌,restaurant,25.1177885,121.5331405
3835296357,437,老媽麵店,restaurant,25.0550896,121.5102713
3983560632,554,八方雲集,restaurant,25.0069588,121.5021419
4520207446,732,珍饌小館,restaurant,24.9609811,121.5100630
7194693246,362,八方雲集,restaurant,25.0706454,121.5189429
3304641827,477,IS COFFEE,cafe,25.0419184,121.5466561
2751198276,438,麻辣紅油炒手,restaurant,25.0442672,121.5230519
5293684135,593,胖老爹,fast_food,24.9954252,121.4275819
3200945584,213,Provence Bakers & Cafe,cafe,25.1309480,121.4971699
3707479482,437,太陽蕃茄拉麵,restaurant,25.0461643,121.5163505
6418121456,514,咖啡學人,cafe,25.0229410,121.5244852
2064686164,515,金盃美而美,fast_food,25.0179969,121.5402791
5856220174,516,十三香,restaurant,25.0244325,121.5480831
5828566389,439,珍園自助餐,restaurant,25.0480138,121.5359102
2643644715,353,營養三明治,restaurant,25.0781534,121.3959289
5110490291,399,Meehee,cafe,25.0573714,121.5321500
2401355965,433,眼鏡張雞肉飯,restaurant,25.0488886,121.4581877
5564549039,406,米塔手感 中央廚房,restaurant,25.0576491,121.6280511
3714789193,479,巨林美而美,restaurant,25.0402891,121.5718336
5951210385,513,摩斯漢堡,fast_food,25.0260169,121.5057963
5108706554,694,金喜喜桶蒸油飯,restaurant,24.9739667,121.5436448
4340637765,475,早餐,restaurant,25.0318239,121.5183634
7211425493,403,瑞記海南雞飯,restaurant,25.0687727,121.5858331
3670374302,478,台中阿水師豬腳,restaurant,25.0419438,121.5538056
7194706811,444,八方雲集,restaurant,25.0464359,121.6154406
6024211757,648,寶慶海鮮熱炒,restaurant,24.9868220,121.5413388
2146221029,399,泰富豪,restaurant,25.0595302,121.5329628
3706010932,478,老鴨湯,restaurant,25.0315992,121.5546876
3151335261,433,北台灣永和豆漿中港店,restaurant,25.0451027,121.4523392
3043945527,439,全聚坊新北京烤鴨,restaurant,25.0534308,121.5334830
5757937621,325,好朋友涼麵,restaurant,25.0888084,121.5255390
7194706787,603,里克德義廚房,restaurant,24.9888796,121.5736335
5248419421,325,及品水餃,restaurant,25.0969524,121.5215092
7194706900,366,珍好早餐,restaurant,25.0777520,121.5901489
3631544695,514,古北饕,restaurant,25.0230017,121.5247668
3396604307,399,福勝亭,restaurant,25.0626286,121.5203698
6182991538,433,九湯屋拉麵,restaurant,25.0542955,121.4541193
2328249357,475,吉野家,fast_food,25.0318054,121.5166806
4394358258,475,麵居,restaurant,25.0318070,121.5180553
6579380104,514,Coffee boy Hop man,cafe,25.0195101,121.5318209
3856962810,514,雲香亭,restaurant,25.0168410,121.5328786
7066563103,112,望海亭活海鮮,restaurant,25.2041004,121.6907336
7213037286,515,人間革命,cafe,25.0238146,121.5427706
4451069993,211,麥味登早午餐,restaurant,25.1351012,121.4607878
4343829407,476,大腸蚵仔麵線店,restaurant,25.0321579,121.5199722
2355618188,694,八方雲集,restaurant,24.9661537,121.5406471
5515959707,437,大戶屋,restaurant,25.0473036,121.5176526
3416064596,598,恆春平價海鮮快炒店,restaurant,24.9998565,121.4991547
6939523053,399,品香越南牛肉河粉,restaurant,25.0581482,121.5191773
2103689933,405,Vito's Italian Restaurant,restaurant,25.0681266,121.6126706
5110489013,439,Yammy好食,cafe,25.0526393,121.5352663
7194706711,191,春天心五藝文創園區,restaurant,25.1441729,121.5594020
3725707065,475,李媽媽麵館,restaurant,25.0416546,121.5106189
3688113962,762,呷尚宝,restaurant,24.9436668,121.3734591
7004220033,363,8鍋臭臭鍋,restaurant,25.0818229,121.5463089
7211425486,442,蒟蒻綠豆湯,restaurant,25.0448865,121.5842218
4967959673,762,西堤,restaurant,24.9442966,121.3783988
3686386773,388,85度C,cafe,25.0581814,121.3662203
4351000300,437,小巷亭,restaurant,25.0536090,121.5154517
7125458204,437,瓦法奇朵,restaurant,25.0446897,121.5156320
4943536925,553,米飛兔,cafe,25.0066070,121.4748922
4397232199,399,巧味包子饅頭,restaurant,25.0576195,121.5215543
4589275305,363,穆勒咖啡館,cafe,25.0822453,121.5471733
5219072622,249,天母囍麻辣,restaurant,25.1140556,121.5269957
3887762027,557,源士林粥品,restaurant,25.0139096,121.5337291
4820442523,433,鍋大郎,restaurant,25.0437036,121.4523453
5569304679,442,台南虱目魚粥,restaurant,25.0451441,121.5806482
4705120089,398,太子油飯,restaurant,25.0593548,121.5138628
3689351294,436,128咖哩飯,restaurant,25.0557330,121.4934077
4827902789,476,跑飯店,restaurant,25.0401025,121.5322973
4198238556,438,錢都日式涮涮鍋,restaurant,25.0513356,121.5299248
6860694272,408,廣越香,restaurant,25.0636517,121.6555811
5108709501,601,鼎豐魯肉飯,restaurant,24.9953426,121.5414112
2296283853,438,十方齋素食館,restaurant,25.0513269,121.5321263
3540983605,554,黃金海岸活蝦之家,restaurant,25.0036947,121.4904223
7211425767,480,丐幫滷味,restaurant,25.0363293,121.5783234
5342395449,444,蕃茄紅了,restaurant,25.0553698,121.6136373
6323106728,479,寒舍食譜,restaurant,25.0377098,121.5678406
3844077964,761,嚐嚐九九,restaurant,24.9394238,121.3707506
4317096450,438,典藏咖啡館,cafe,25.0494831,121.5226029
7004247508,438,平成十九(1號店),restaurant,25.0520160,121.5196805
4331081329,439,大眾鐵板酒場石村商店,restaurant,25.0540469,121.5344564
7002886734,437,漾紅花,restaurant,25.0458279,121.5152913
4492620956,593,爭鮮迴轉壽司,restaurant,24.9970773,121.4209817
5629744618,439,法國玫瑰,restaurant,25.0495891,121.5335271
3473215393,439,高三校碳烤吐司,restaurant,25.0535362,121.5352368
5951204484,735,八方雲集,restaurant,24.9534498,121.5547110
5951390085,366,榛品越南小吃,restaurant,25.0805559,121.5775641
2598578702,602,淘米,restaurant,24.9985840,121.5569695
5782279701,601,歐佳香漢堡,restaurant,24.9956316,121.5413752
6805098954,444,食讚牛肉麵,restaurant,25.0551703,121.6072272
4490165932,408,85度C,cafe,25.0628931,121.6556284
4078673408,440,J12 Café,cafe,25.0564888,121.5609418
6677060172,506,大聯盟,cafe,25.0164640,121.4079755
7095347134,439,J-BAR麻辣鍋,restaurant,25.0434892,121.5467269
3937247449,762,井賀,restaurant,24.9471267,121.3806872
3887762051,556,赤神日式豬排,restaurant,25.0158015,121.5318300
6114700754,515,合益佳雞肉飯,restaurant,25.0220540,121.5424481
7004210537,213,KAF Coffee,cafe,25.1330492,121.5006606
5551907223,514,kgb,restaurant,25.0219992,121.5281130
2755478357,438,早安早點,restaurant,25.0433075,121.5245186
3938949100,556,Mr.拉麵野崎家,restaurant,25.0155877,121.5320129
3706008154,478,瑞麟美而美,restaurant,25.0317790,121.5533983
2912523501,139,明記大塊雞排,fast_food,25.1745153,121.4527040
2473958340,511,BBQ,restaurant,25.0275472,121.4787413
4062833890,138,繼光香香雞,fast_food,25.1682938,121.4440079
5110348822,516,投幣火鍋,restaurant,25.0261341,121.5548341
4419075791,514,picnic,cafe,25.0203650,121.5330489
3740826737,724,晨堡早餐店,restaurant,24.9562937,121.3903081
5817773317,439,Liberty Cafe,cafe,25.0535145,121.5419841
6323106726,478,Ziga Zaga,restaurant,25.0352772,121.5623098
3835345490,650,牛肉麵,restaurant,24.9849999,121.5657602
4596799754,516,Sate House,restaurant,25.0281368,121.5512670
7138715773,213,台南擔仔麵,restaurant,25.1376276,121.4992659
2559997647,982,山地美食屋,restaurant,24.8632942,121.5513482
2553802121,593,麥菈芙鬆餅飲品,cafe,24.9910416,121.4224119
4031296827,439,名門燒臘,restaurant,25.0512066,121.5346708
4754476215,479,紅豆食府,restaurant,25.0368762,121.5667409
3670374294,440,喜大炭火燒肉,restaurant,25.0433862,121.5550142
6354698762,477,扶望號,restaurant,25.0427535,121.5442405
7001356663,396,一里香牛肉麵,restaurant,25.0608549,121.4815888
4328118437,439,瞞著爹壽司吧,restaurant,25.0468215,121.5460810
4050767734,402,路易莎,cafe,25.0577582,121.5633606
7211425551,403,許經理鍋燒意麵,restaurant,25.0634754,121.5806552
4196871121,477,Pig & Pepper,restaurant,25.0351777,121.5445840
3887648892,437,繼光香香雞,restaurant,25.0458974,121.5141025
2908649923,139,LeNINI,restaurant,25.1691065,121.4450703
7213007945,515,越南河粉,restaurant,25.0259545,121.5391691
2758498990,437,吉野家,restaurant,25.0447862,121.5151597
6682102617,439,路易沙咖啡,cafe,25.0482854,121.5340340
4018205776,557,義饗食堂,restaurant,25.0134945,121.5363561
4269582588,439,金饌小館,restaurant,25.0499980,121.5428892
5119432024,351,胖老爹(林口文化店),restaurant,25.0708418,121.3678144
7175344722,512,巧妹自助燒烤便當,restaurant,25.0221408,121.4983136
4834761771,557,巨林美而美,restaurant,25.0035027,121.5406665
7211425805,479,一樂料理,restaurant,25.0374931,121.5772976
6917308991,400,CoppiiLumii,cafe,25.0617103,121.5396979
6084207297,287,洪樓小館,restaurant,25.1061210,121.5238731
2387011531,246,I'm Here,cafe,25.1145911,121.4840868
7170215752,442,傑克漢堡,restaurant,25.0538416,121.5914849
4318548392,438,四海豆漿大王,restaurant,25.0503084,121.5198655
4054804409,599,肯德基,fast_food,24.9990342,121.5171515
5938824201,762,上水樸石火鍋,restaurant,24.9430867,121.3738739
5198337996,762,朵爾奇義式餐廳,restaurant,24.9424292,121.3731025
4116861389,515,佳興福州魚丸店,restaurant,25.0249784,121.5442363
7211425664,480,阿娟素食,restaurant,25.0387229,121.5788233
4580834630,598,Mooni 暮倪,restaurant,24.9932674,121.4959522
6480711085,434,星巴克,cafe,25.0433167,121.4676206
2800635239,363,A&K Cafe,cafe,25.0829980,121.5466172
2962739570,515,MONO CAFE,cafe,25.0234165,121.5435798
5564542419,444,珍珍牛肉麵,restaurant,25.0550606,121.6125128
6422218531,437,一杯青,cafe,25.0541765,121.5099405
3450014414,598,林德利,restaurant,25.0005025,121.5011246
3264123677,288,早餐,restaurant,25.0980766,121.5339663
4895547277,431,星巴克,cafe,25.0514513,121.4280393
3465503379,598,溫州大餛飩,restaurant,24.9954419,121.5022790
4298940675,478,市民大道涮涮鍋,restaurant,25.0399131,121.5553240
3417105789,478,Woolloomooloo,restaurant,25.0333033,121.5581184
7170215708,398,黃大腸煎,restaurant,25.0635375,121.5110581
4903690721,399,丹堤咖啡,cafe,25.0582068,121.5279632
2643681880,353,橄欖樹,restaurant,25.0789732,121.3916131
5095512229,474,大川永和豆漿,restaurant,25.0382572,121.4996227
5875366020,475,85度C,cafe,25.0416490,121.5072119
2462837709,601,晶采麵店,restaurant,24.9927726,121.5443982
4031296861,439,波羅蜜素菜館,restaurant,25.0510346,121.5343270
5141091130,369,元樂日式料理,restaurant,25.0709604,121.6301220
5492422205,139,香豆富,restaurant,25.1742720,121.4462846
7138715808,214,水美食府,restaurant,25.1361150,121.5050679
4432542370,433,85度C,cafe,25.0492733,121.4509231
2706302340,301,三媽臭臭鍋,restaurant,25.1084337,121.8050068
2784758410,551,麥當勞,restaurant,25.0093587,121.4577932
4403818137,478,The Green Room,restaurant,25.0358293,121.5546956
2913949221,139,台G店,restaurant,25.1699886,121.4454484
4718793089,437,倫爸咖啡,cafe,25.0526887,121.5147098
7194706929,482,吃吃看水餃,restaurant,25.0398302,121.6206162
4524319701,601,無名氏咖啡,cafe,25.0020103,121.5392042
4432073023,514,咖啡樹,cafe,25.0288375,121.5217381
2579109183,475,白木屋西門店,restaurant,25.0426672,121.5079857
3889230212,399,摩斯漢堡,fast_food,25.0630085,121.5213564
4124789189,510,韓老爹豆漿店,restaurant,25.0189395,121.4735893
5556141255,476,拉亞漢堡,restaurant,25.0391664,121.5252469
7175344597,513,麵攤,restaurant,25.0277984,121.5094585
4524864145,398,一番食堂日本料理,restaurant,25.0565590,121.5117219
5110489232,398,易廚,restaurant,25.0568474,121.5141618
7138715810,214,拾斤獅子麵,restaurant,25.1355078,121.5048546
4753181469,475,Vivie Cafe,cafe,25.0347667,121.5108972
5568870555,388,倆倆號林口長庚店,restaurant,25.0592069,121.3689556
2326365546,437,星巴克,cafe,25.0455720,121.5163987
4239451293,437,永和豆漿,restaurant,25.0444982,121.5102922
2927351828,138,鄉愁茶園,cafe,25.1738308,121.4373086
3842796565,439,3 Cafe Studio,cafe,25.0529265,121.5364243
4253208243,556,阿姨小吃自助餐,restaurant,25.0149548,121.5319032
3860006657,601,石川日式食堂,restaurant,24.9949953,121.5442851
4033147895,648,咕咕G廚房,restaurant,24.9816977,121.5435695
2816066956,366,上海老大房水餃工坊,restaurant,25.0804635,121.5914076
7211425687,374,初舍早午餐,restaurant,25.0827041,121.6992422
7095347115,477,鼎珍坊美食會館,restaurant,25.0391302,121.5441419
4118984889,249,勝口味大腸蚵仔麵線,restaurant,25.1232416,121.5325699
3374279493,601,美式早餐屋,restaurant,24.9953016,121.5414170
3043947842,400,威尼斯義大利麵,restaurant,25.0588654,121.5342891
3944032057,363,Mass,restaurant,25.0817630,121.5453770
3716505597,353,麥味登,restaurant,25.0767583,121.3877860
4639193090,437,Risotto,restaurant,25.0446388,121.5069810
3001670215,405,高樂鐵板燒,restaurant,25.0573955,121.6155978
4940829251,694,路易莎咖啡,cafe,24.9654277,121.5404418
4306026589,640,立酌小吃店,restaurant,24.9797349,121.4190763
4378795753,360,吉野家,restaurant,25.0713790,121.4947328
3670374292,478,K-Chef 韓廚食坊,restaurant,25.0419177,121.5554374
3408985894,694,甜冰坊,cafe,24.9619057,121.5393768
4325606045,397,麥當勞,fast_food,25.0665567,121.4964380
4820634930,561,中西式早餐,restaurant,25.0024682,121.6039866
2473232907,515,文哥巷子口古早味米粉湯,restaurant,25.0225741,121.5427730
2751198281,438,皇家牛肉麵,restaurant,25.0437922,121.5227862
5535958344,437,Hot-Star,fast_food,25.0433426,121.5071529
4834761731,601,日本料理菊屋,restaurant,25.0017137,121.5392877
2529515832,648,富粥城,restaurant,24.9866568,121.5461548
3380792783,437,茉莉漢堡,restaurant,25.0447865,121.5042599
7211425773,374,小廚屋牛排,restaurant,25.0835299,121.6990252
3104850329,690,八方雲集,restaurant,24.9620742,121.4795665
4426784317,507,Pizza Hut 必勝客,restaurant,25.0245909,121.4244158
7194706816,650,加賀日式料理,restaurant,24.9883303,121.5734051
4325693932,476,泰讚泰式精緻料理,restaurant,25.0338365,121.5321871
3057057639,439,洪師父牛肉麵,restaurant,25.0548769,121.5364307
3086736500,439,川巴子100熱炒,restaurant,25.0446958,121.5446485
5551954156,557,三十路,restaurant,25.0132355,121.5346011
3854090986,321,老林牛肉麵,restaurant,25.0879661,121.4670174
3901016961,762,石樽 新日本料理,restaurant,24.9458436,121.3753018
4043621275,513,曉迪筒仔米糕,restaurant,25.0292206,121.5059852
3505146494,32,八方雲集,restaurant,25.2586833,121.5020846
2913712501,139,鍋夫人日式涮涮鍋,restaurant,25.1779363,121.4489676
5564549029,444,呷尚寶 富康店,restaurant,25.0546430,121.6163475
3840862932,399,石家割包,restaurant,25.0578025,121.5321119
4449080340,438,新丼,restaurant,25.0501661,121.5195926
6269043209,602,幸福80號美味早餐,restaurant,25.0004303,121.5484147
3731275466,723,五餅二魚,restaurant,24.9490045,121.3778707
3146899373,601,城市漢堡,restaurant,24.9995732,121.5392996
2056149423,478,潮肉壽喜燒,restaurant,25.0426833,121.5554482
5966211090,439,滷肉飯,restaurant,25.0531944,121.5339824
4913299920,476,咖啡小自由,cafe,25.0300947,121.5306303
2460626640,439,志華燒腊快餐,restaurant,25.0544816,121.5437222
5564542404,444,佬嘜私廚1店燒臘館,restaurant,25.0556215,121.6112635
4344472256,477,路易莎,cafe,25.0328980,121.5382450
5110245033,475,本味日本料理,restaurant,25.0309745,121.5172392
3536195896,438,公園號,restaurant,25.0459657,121.5191317
3731275493,723,必勝客Pizza Hut 三峽北大店,fast_food,24.9488762,121.3792968
5208153034,475,王記府城肉粽,restaurant,25.0423340,121.5058806
3888838522,513,怡客咖啡,cafe,25.0260216,121.5057531
4465869496,593,飛碟早餐店,restaurant,24.9985821,121.4247419
6578286276,441,正典鐵板燒,restaurant,25.0490217,121.5653381
7004305906,444,讚岐製麵所,restaurant,25.0527772,121.6070971
3939158012,476,君悅排骨,restaurant,25.0338405,121.5322495
5960741880,557,浩哥飲食,restaurant,25.0077945,121.5386347
4322579089,226,現流,restaurant,25.1339157,121.8206539
7008579986,398,霸味薑母鴨民生西店,restaurant,25.0568378,121.5143508
7194706819,368,饗來美食 LIKE FOOD,restaurant,25.0756426,121.6088128
2927055847,138,肯德基,fast_food,25.1774479,121.4430945
6028693360,593,早餐店,restaurant,24.9943412,121.4280296
7175344696,515,陳記營養早餐店,restaurant,25.0267660,121.5341170
4397232200,399,美蓉刀削麵之家,restaurant,25.0576269,121.5216011
5951182629,360,彼得好咖啡,cafe,25.0709260,121.4967439
4325693433,438,修緣素食,restaurant,25.0435716,121.5314913
5098134727,440,WELL CAFÉ 唯‧午茶記憶,cafe,25.0441674,121.5506190
3424566650,598,美而美,fast_food,24.9984882,121.4956666
3835319257,649,美而美早餐店,restaurant,24.9815548,121.5571202
6354698756,477,楊記大餛飩,restaurant,25.0427826,121.5454388
3748706225,441,星巴克 南京三民門市,cafe,25.0516206,121.5636071
3300351025,438,麵屋武藏神山,restaurant,25.0509470,121.5237732
7130801997,400,大安料理遊樂場,restaurant,25.0613635,121.5476638
4928425275,439,阿萍炸雞店麵·飯,restaurant,25.0531934,121.5339342
4861154621,365,Subway,fast_food,25.0792559,121.5691615
5535979234,437,Dream Color,cafe,25.0441132,121.5067711
2912272501,139,咔好吃館,restaurant,25.1704512,121.4459948
3324623846,514,伊斯坦堡土耳其餐廳,restaurant,25.0200118,121.5332593
2899366916,444,池上木片便當,restaurant,25.0526670,121.6160457
2307156578,330,內湖內湖91,restaurant,25.0838746,121.5936055
7211425790,479,上品小火鍋,restaurant,25.0359099,121.5775158
2625503725,363,裕濠燒臘館,restaurant,25.0793844,121.5459628
4298897644,437,舒果新米蘭蔬食,restaurant,25.0439927,121.5130229
4108947176,514,逗鼎頂級麻辣鍋,restaurant,25.0168749,121.5329490
4200643983,601,精緻早餐,restaurant,24.9967132,121.5448306
2307156593,366,鼎鼎小吃,restaurant,25.0816615,121.5913913
7170215786,441,紅面薑母鴨,restaurant,25.0480046,121.5769823
5564542409,444,船屋,restaurant,25.0556664,121.6114387
7211425548,480,麥味登,restaurant,25.0387594,121.5852629
2526182353,649,COFFEE 88,cafe,24.9873915,121.5504388
3416263821,598,龍記刀削麵,restaurant,24.9979777,121.4999725
4068286989,138,花枝燒,fast_food,25.1687000,121.4432740
4411109096,364,大食代,restaurant,25.0824530,121.5580041
3740826736,725,早點,restaurant,24.9603929,121.4026668
2518367603,439,港都手工麵館長安店,restaurant,25.0487394,121.5359024
2919834859,214,Su蔬食料理,restaurant,25.1359174,121.5057449
4591980823,476,廖家食堂,restaurant,25.0298183,121.5185560
6429684170,439,星巴克,cafe,25.0459089,121.5444383
4520207482,692,簡單生活,restaurant,24.9627076,121.5116167
7211425622,479,拉亞漢堡,restaurant,25.0348185,121.5747157
6137457605,439,莫凡比咖啡,cafe,25.0529563,121.5451067
7368631863,397,歐家莊,restaurant,25.0632050,121.4998782
4524864106,155,萬里豆漿伯店,restaurant,25.1770650,121.6887250
4205230079,439,錢都日式涮涮鍋,restaurant,25.0560828,121.5466967
7216240738,479,大心,restaurant,25.0337243,121.5650430
2908695763,139,沙茶羊肉,restaurant,25.1702062,121.4459461
4333597295,476,虎記商行,cafe,25.0318833,121.5193584
3731275465,762,丹堤咖啡 三峽大雅店,cafe,24.9462066,121.3799229
3362752680,762,三愛健康素食,restaurant,24.9349148,121.3726196
6578286278,441,王家麵館,restaurant,25.0489974,121.5649760
7175344682,513,品吅鵝肉,restaurant,25.0272381,121.5108508
5585775122,442,大慶麵店(信義店),restaurant,25.0451965,121.5805006
7004220032,363,亞米食坊,restaurant,25.0817801,121.5459933
3421626493,438,大戈壁蒙古烤肉,restaurant,25.0542166,121.5327248
6389111672,324,花媽古早味剉冰,restaurant,25.0889232,121.5095183
3731276598,723,華群永香油飯,restaurant,24.9492321,121.3792053
2354926113,478,Maple Tree Hous3,restaurant,25.0304724,121.5577478
7115898686,507,吉得堡,restaurant,25.0213325,121.4243191
4524864036,438,Ginas 122,cafe,25.0547174,121.5303572
6190337472,593,昭和園日式燒肉屋,restaurant,24.9965837,121.4203576
3307877361,476,卡那達,cafe,25.0423717,121.5309886
5883211185,398,青蛙下,fast_food,25.0567356,121.5151414
3270616975,438,R9 cafe,cafe,25.0549216,121.5203410
1015797103,474,聖娜多堡咖啡,cafe,25.0356466,121.5004976
2925948601,139,Pizza Hut,restaurant,25.1675365,121.4474537
2642077913,439,赤神日式餐廳,restaurant,25.0485193,121.5345646
6190476401,602,奈手捲,restaurant,24.9898658,121.5487397
5699174911,477,老哥水煎包麵線,restaurant,25.0308626,121.5439354
7170215734,443,玖玖美食館,restaurant,25.0514638,121.5935855
3914415979,555,東方牛排,restaurant,25.0078906,121.5122333
4524863929,478,VARY GOOD CAFE,cafe,25.0327082,121.5535156
4820442521,433,魚多甜,restaurant,25.0436757,121.4521297
5649481771,388,老圓環排骨雞腿便當,restaurant,25.0586472,121.3696278
6499848177,437,旺角石頭火鍋,restaurant,25.0457629,121.5089623
3232565189,405,永和豆漿大王,restaurant,25.0679383,121.6167446
3463626167,598,巨林美而美,fast_food,24.9944898,121.5024591
6190476407,602,巧手妙妙,restaurant,24.9895065,121.5492779
3311218071,514,TGI Friday's,restaurant,25.0275695,121.5217933
4290849300,32,老地方小籠湯包,restaurant,25.2595661,121.5027140
3887826260,406,三商巧福,restaurant,25.0647625,121.6325188
2800635237,363,摩斯漢堡,fast_food,25.0833970,121.5464355
4325694226,697,龍門客棧,restaurant,24.9669948,121.5867530
4451503592,287,忠誠40營養早餐俱樂部,restaurant,25.1056376,121.5291548
6440290229,552,Louisa Coffee,cafe,25.0072094,121.4598449
4967959674,762,聚鍋,restaurant,24.9443586,121.3783506
5380913122,399,美味厨自助餐,restaurant,25.0645721,121.5230249
2494671047,440,摩斯漢堡,fast_food,25.0542095,121.5497518
3908149174,438,Resoran Indonesia Rasa,restaurant,25.0470166,121.5192514
3596859025,515,喜川麵館,restaurant,25.0216309,121.5426436
5906009430,388,金園便當店,restaurant,25.0687632,121.3656740
4215685990,478,惡犬食堂,restaurant,25.0407107,121.5536953
4405328426,359,貴族世家牛排,restaurant,25.0711558,121.4871985
6387706792,441,新東南海鮮,restaurant,25.0498212,121.5753726
2947927720,399,小食松堂,restaurant,25.0676442,121.5245001
3811140844,601,海南雞腿飯快餐便當,restaurant,24.9961545,121.5413428
3341995455,640,永康剉冰屋,restaurant,24.9822527,121.4215947
4483316092,325,阿宗麵線,restaurant,25.0878772,121.5255900
3767530299,601,義興樓,restaurant,24.9904700,121.5412182
3151313795,433,四神湯控肉飯,restaurant,25.0454532,121.4507933
4031296863,439,溫州大餛飩,restaurant,25.0514999,121.5348463
5458657199,438,八方雲集,restaurant,25.0550483,121.5256128
3311796703,478,京星港式飲茶,restaurant,25.0412546,121.5505165
4121544859,439,請請義大利餐廳,restaurant,25.0527808,121.5458089
2643621286,353,姊妹火雞肉飯,restaurant,25.0772380,121.3925686
4520745127,475,丹堤咖啡,cafe,25.0322396,121.5162881
3408986293,734,中央餅坊,restaurant,24.9598558,121.5385683
3854472471,557,我家涼麵,restaurant,25.0140897,121.5338498
4298897600,439,Puro Puro,restaurant,25.0470552,121.5413042
4118443939,437,十三川日本拉麵,restaurant,25.0446964,121.5142286
7175344563,366,窩久居酒,restaurant,25.0776295,121.5834252
7215593126,507,北港鵝肉,restaurant,25.0215998,121.4238539
2529516960,648,世心早餐吧,restaurant,24.9869349,121.5463415
7194706795,603,新光小吃店,restaurant,24.9907814,121.5738591
2657773501,476,奇福扁食,restaurant,25.0341860,121.5310840
5551776121,514,西堤牛排,restaurant,25.0263829,121.5231909
1978030988,478,長白小館,restaurant,25.0406769,121.5550412
5211972140,249,張家飯小館,restaurant,25.1189240,121.5296480
3568499395,478,Subway,fast_food,25.0344524,121.5620078
2069403564,379,黑金客棧,cafe,25.0833439,121.8246403
2490691937,439,米塔義式廚房,restaurant,25.0485204,121.5344840
6068468866,514,蛋幾ㄌㄟ,restaurant,25.0252101,121.5293491
3408986193,734,山東餃子館,restaurant,24.9604702,121.5388229
7095347118,477,大安9號日式鍋物,restaurant,25.0396843,121.5453503
2355618185,694,頂呱呱,fast_food,24.9664560,121.5407617
7194706989,367,蕎安娜點心屋,restaurant,25.0782685,121.5962561
6330071390,475,影響咖啡,cafe,25.0298584,121.5150295
6832816563,321,佳味牛排,restaurant,25.0853851,121.4718980
4328118430,477,新和東南亞料理,restaurant,25.0417589,121.5476993
4147351038,511,八方雲集,restaurant,25.0182274,121.4790440
7194706693,362,吳記大腸蚵仔花枝麵線,restaurant,25.0741558,121.5189382
5564549074,298,我愛四腳亭,restaurant,25.1022087,121.7639585
5342423547,513,王記排骨酥湯,restaurant,25.0255506,121.5172758
7184923033,437,法菓風,restaurant,25.0445445,121.5183218
1843811014,248,麥當勞石牌,fast_food,25.1178447,121.5173135
3103261287,439,金仙排骨,restaurant,25.0532919,121.5337420
4524864559,477,日幕里,restaurant,25.0343599,121.5456097
4082319503,400,陶記越南美味,restaurant,25.0596095,121.5349416
3151274790,432,土庫鴨肉富中平店,restaurant,25.0440754,121.4448133
2618674813,211,拿坡里披薩,restaurant,25.1374062,121.4603107
3196909529,440,頂呱呱中崙店,fast_food,25.0479147,121.5566111
6357749094,602,金玉園抄手麵食館,restaurant,24.9991906,121.5569052
4123034939,437,東京哲麵開封店,restaurant,25.0459123,121.5136264
5294023601,216,妙膳,fast_food,25.1376080,121.5419237
2579109182,398,杉味豆花,cafe,25.0652636,121.5109835
3887817086,438,心粵小廚,restaurant,25.0549191,121.5323942
2175739323,732,佛光素食,restaurant,24.9586947,121.5080403
6969436661,694,客家小舖,restaurant,24.9677426,121.5410292
2572568003,439,吃口味豬腳飯,restaurant,25.0479460,121.5402946
3955465481,440,大埔鐵板燒,restaurant,25.0517715,121.5571054
5110490292,399,填一點,cafe,25.0573880,121.5320445
3831993358,597,員山豆花,restaurant,24.9983593,121.4813143
7211425777,408,小吃王,restaurant,25.0656696,121.6559833
7002886743,437,豆腐村,restaurant,25.0461388,121.5151783
6029515631,552,板橋壽司,restaurant,25.0079618,121.4609707
6242158917,602,名峰烤肉飯,restaurant,24.9999040,121.5557156
3924752775,475,巧味溫州大餛飩,restaurant,25.0350413,121.5076982
6249946232,516,詹家廚房,restaurant,25.0284578,121.5585333
3720429191,358,貴族世家牛排,restaurant,25.0716058,121.4724939
5707055585,552,三媽臭臭鍋-板橋忠孝店,restaurant,25.0025509,121.4641117
4018208926,478,美食樂專業盒餐店,restaurant,25.0334714,121.5590072
3248691592,516,北方餃子館,restaurant,25.0229565,121.5499438
5110489727,399,新海岸活蝦,restaurant,25.0624726,121.5252920
4031296802,439,Give Me Pie,restaurant,25.0508294,121.5340577
5608345524,325,Oromo Cafe,cafe,25.0944945,121.5256547
3776691671,287,Oven Coffee,cafe,25.1044072,121.5227704
4456045021,437,咖啡伴,restaurant,25.0459184,121.5139964
7194706976,650,米塔義式廚房,restaurant,24.9877271,121.5758674
4344543593,438,美塑咖啡,cafe,25.0500665,121.5321876
5299305524,406,寬和,restaurant,25.0580906,121.6350207
2392237974,400,一鷺炭火燒鳥工房,restaurant,25.0620712,121.5347725
7004220052,363,丁家樓,restaurant,25.0814595,121.5462743
3851543643,476,專業魷魚羹,restaurant,25.0426674,121.5220638
2440534689,474,鯕魚米粉湯,restaurant,25.0363246,121.5005708
3424566647,598,皇璽北海道昆布鍋,restaurant,24.9995810,121.4964284
4836653414,325,知多家,restaurant,25.0954842,121.5275754
3854651650,399,上乘三井,restaurant,25.0647505,121.5266258
5110348589,478,Caffe Pergo,cafe,25.0321449,121.5604873
2188356454,400,喜多川日本料理,restaurant,25.0571872,121.5392509
3910203257,138,21金小火鍋,restaurant,25.1693860,121.4437780
5166589522,399,神仙川味牛肉麵,restaurant,25.0573251,121.5225880
3493014858,598,七海廚房,restaurant,24.9997928,121.4968424
7095334641,439,小滿鍋物,restaurant,25.0432453,121.5458016
7203547819,601,阿鳳的店,restaurant,24.9926032,121.5394990
3423377293,694,三媽臭臭鍋寶橋店,restaurant,24.9739076,121.5435599
5436665720,443,九湯屋日本拉麵,restaurant,25.0548941,121.6058054
5110490246,437,鑫鱻涮涮鍋,restaurant,25.0463047,121.5070307
7175344766,514,元亭海鮮麵疙瘩,restaurant,25.0266204,121.5320654
4796522423,478,梵燒肉,restaurant,25.0401822,121.5493369
4202524079,365,匠Pasta義大利麵餐廳,restaurant,25.0819745,121.5711142
3670374316,478,晨光蔬菜早餐吧,restaurant,25.0429194,121.5558291
3812406121,601,老店小龍包,restaurant,24.9970732,121.5479326
4820634500,561,咕morning 早午餐,restaurant,25.0024938,121.6038827
5110349509,366,農耕車,restaurant,25.0815039,121.5903685
3503443033,648,順億鮪魚專賣店,restaurant,24.9827762,121.5428898
1709446553,694,肯德基,fast_food,24.9734464,121.5427218
3052956581,401,摩斯漢堡,fast_food,25.0642738,121.5507907
2179348244,439,卡桑串燒居酒屋,restaurant,25.0527287,121.5391370
5236241183,287,越蘭香越南美食,restaurant,25.1081501,121.5294117
7138715784,213,明谷屋,restaurant,25.1351117,121.4997139
3236369597,475,阿桂排骨麵,restaurant,25.0379119,121.5078193
6924533492,476,Louisa Coffee,cafe,25.0412617,121.5314137
3034546866,362,85度C,cafe,25.0805845,121.5225415
4007798810,601,Jim's Burgers,fast_food,24.9894585,121.5422375
3670374293,478,Little London,cafe,25.0427058,121.5555319
3837332664,640,北海道,restaurant,24.9828021,121.4232948
3997541430,479,松德永和豆漿,restaurant,25.0331581,121.5746972
2884948582,329,開很久的沒名的路邊攤麵店,restaurant,25.0886211,121.5864363
7170215784,442,肉圓大王,restaurant,25.0475226,121.5779906
3694654820,478,登峰港式麻辣,restaurant,25.0304428,121.5541509
7175344795,477,菊乃屋,restaurant,25.0337712,121.5393125
4834803827,557,極麵屋,restaurant,25.0126334,121.5356539
6176758327,648,紅林包子鋪,restaurant,24.9763806,121.5351641
7004305908,444,甩尾卡丁車主題式餐廳,restaurant,25.0532181,121.6083500
2473809699,514,永和豆漿,restaurant,25.0170455,121.5312576
3706008153,478,高媽媽,restaurant,25.0317548,121.5532074
2782015699,437,十三川日本拉麵,restaurant,25.0452388,121.5170009
4082319371,400,入內Zoono,cafe,25.0594848,121.5339910
4359016694,479,Yes 58,restaurant,25.0406949,121.5755093
5110245039,476,8% Cafe,cafe,25.0317496,121.5300910
4492173589,514,Cookout野酷戶外料理餐酒 午茶,restaurant,25.0210237,121.5265189
4040067185,639,弘爺漢堡,restaurant,24.9800230,121.4151449
4230006589,479,餐食天堂（台北信義店）,restaurant,25.0353506,121.5662188
7194693235,362,利生素食,restaurant,25.0725900,121.5191840
3811140299,601,不貽樣湯包,restaurant,24.9993747,121.5397912
3812405147,601,不一樣早餐屋,restaurant,24.9950661,121.5422116
3216077265,476,金山鵝肉,restaurant,25.0361265,121.5275145
3416180945,598,甘泉魚麵,restaurant,25.0005518,121.4995717
4622733991,388,陳記大滷麵,restaurant,25.0590807,121.3701381
4325693472,606,好鄰居,restaurant,25.0011694,121.6132766
3670390135,478,詹記燒臘,restaurant,25.0423478,121.5550513
3165873879,433,李家控肉飯,restaurant,25.0477113,121.4491977
7004093444,437,Maiden School夢幻學園,restaurant,25.0500479,121.5110757
3700536510,478,幸福食堂,restaurant,25.0310258,121.5601271
5048161953,187,85度C,cafe,25.1410652,121.4995195
5206247421,249,薩莉亞義式料理餐廳,restaurant,25.1187130,121.5284240
3182093767,601,mint義大利麵店,restaurant,24.9898231,121.5423704
5564549100,493,溜哥燒烤雞翅包飯,restaurant,25.0414523,121.7754075
2395698394,471,牛排,restaurant,25.0335585,121.4504749
4050787721,402,四海遊龍,restaurant,25.0604844,121.5630993
5189737323,249,潘蜜拉義麵舖,restaurant,25.1197813,121.5267620
7194693268,444,楊廚,restaurant,25.0458144,121.6175429
4524864035,438,好記担仔麵,restaurant,25.0550042,121.5302433
6114714480,515,笑嘻嘻港式現炒飯麵,restaurant,25.0224343,121.5429295
2929253563,555,麥當勞,fast_food,25.0084901,121.5084147
4031296808,439,三商巧福,restaurant,25.0509181,121.5348863
7342353317,506,巷子口水煎包,fast_food,25.0174732,121.4094196
4702946588,368,松濠涮涮鍋,restaurant,25.0722538,121.6091029
4258226452,553,瓦城泰國料理,restaurant,25.0063226,121.4751310
2307156602,366,早安!美芝城,restaurant,25.0817295,121.5916208
6569793355,601,好咖啡和好音響的文創空間,cafe,24.9968945,121.5397941
3835342095,649,集品18生活館,restaurant,24.9820011,121.5617065
4325693441,438,八方雲集,restaurant,25.0435208,121.5317866
4631479066,596,民德豆漿大王,restaurant,25.0011138,121.4688627
6127553957,593,茶湯會,cafe,24.9955574,121.4282885
4452890780,506,東廚,restaurant,25.0167597,121.4026149
6207788267,649,麥得堡早餐點店,restaurant,24.9877273,121.5509023
2643644716,353,吉利排骨,restaurant,25.0784700,121.3959614
2726480264,552,跳舞香水,restaurant,25.0134519,121.4668685
2638340133,734,涓玉,cafe,24.9570143,121.5369997
924214891,557,小蔬杭 絕對蔬食,restaurant,25.0128362,121.5368211
4050767775,402,鹿家莊,restaurant,25.0600130,121.5631528
6781231890,365,可不可熟成紅茶,cafe,25.0791682,121.5694606
5639770114,298,日??豆漿店,restaurant,25.0990219,121.7557439
3676291325,476,鬍鬚張,restaurant,25.0414870,121.5314451
7170215737,443,健安雞肉飯,restaurant,25.0518864,121.5936567
2787383726,478,牛角日本燒肉專門店,restaurant,25.0417250,121.5506267
5610889921,438,旺．慢食餐酒館,restaurant,25.0546058,121.5214492
5836262454,388,三顧茅廬麻辣滷味,restaurant,25.0586674,121.3699367
6139873865,360,起家雞韓式炸雞 三重三和店,restaurant,25.0709298,121.4957610
7138715797,213,廣香素食坊,restaurant,25.1338072,121.5024165
7194706898,444,麥味登,restaurant,25.0520434,121.6170027
7175334731,367,中庭小吃部,restaurant,25.0721678,121.5955037
5052921355,399,名家魯肉飯,restaurant,25.0578572,121.5247630
7365964034,397,三顧茅廬麻辣滷味,restaurant,25.0668421,121.4984939
6305016839,388,老三魷魚羹,restaurant,25.0684057,121.3661081
6499848183,398,鮮堡漢堡,fast_food,25.0581060,121.5118955
3407249993,479,Yoshidoya,restaurant,25.0412530,121.5684682
5556070112,439,遼寧街香菇肉粥,restaurant,25.0491706,121.5420593
7138715802,214,24小吃店,restaurant,25.1361824,121.5038210
3882959859,735,金惠水煎包,restaurant,24.9533365,121.5518564
4298881341,557,J House,restaurant,25.0140387,121.5343632
4118443954,437,Campus Cafe 站前店,restaurant,25.0445494,121.5148898
2787426169,478,義麵坊,restaurant,25.0404649,121.5504199
7194706699,364,三哥涼麵小吃,restaurant,25.0796392,121.5587402
4329769294,438,新濟州韓式豆腐鍋,restaurant,25.0528508,121.5200884
3835345483,650,劉哥牛肉麵,restaurant,24.9836143,121.5664960
3711235224,287,街角76Steak House,restaurant,25.1048542,121.5226300
7004220044,363,北安專業涼麵,restaurant,25.0804659,121.5473391
3656268926,476,廣東汕頭新鮮豆漿店,restaurant,25.0294469,121.5232299
6685235206,2,富基美美海鮮餐廳,restaurant,25.2942147,121.5344399
3720429073,397,第九站精緻鍋品,restaurant,25.0639673,121.4972262
3423152877,388,星巴克,cafe,25.0597984,121.3688735
4149614994,762,摩斯漢堡,fast_food,24.9461070,121.3830424
2473809733,514,名家牛肉麵,restaurant,25.0169387,121.5310768
6140337480,514,Kitchen 66,restaurant,25.0194482,121.5314805
3341995423,640,大腸麵線,restaurant,24.9819741,121.4197351
7194706715,325,雅力根坊,restaurant,25.0938342,121.5277649
4837986538,478,老李牛雜,restaurant,25.0308325,121.5527941
3407340567,303,喝杯咖啡 Her back Cafe,cafe,25.1070142,121.8417376
7194706988,399,天命庵,restaurant,25.0694695,121.5224886
3794607156,601,桶一天下現滷滷味,restaurant,24.9909847,121.5413197
4287081614,476,阿里港,restaurant,25.0295195,121.5186163
4743155125,513,新東南海鮮餐廳,restaurant,25.0289585,121.5086905
2625636350,646,八方雲集鍋貼水餃店,restaurant,24.9837090,121.5177246
6024209080,600,大和鐵板燒,restaurant,25.0002090,121.5198494
3713085069,400,駅前石頭火鍋 民生店,restaurant,25.0580041,121.5447736
6190337447,593,牛車水鐵板燒,restaurant,24.9971943,121.4210839
6116252479,287,日星早餐,restaurant,25.1028463,121.5228026
4524863572,515,馬祖麵館,restaurant,25.0258942,121.5391531
3781562158,640,三重赤肉羹,restaurant,24.9788851,121.4184545
7211425641,443,昆陽快餐,restaurant,25.0497765,121.5941336
7213007984,515,湄賽雲泰料理,restaurant,25.0232610,121.5429383
4946813723,403,龍都烤鴨,restaurant,25.0587082,121.5801831
2928747601,139,古迪.好食,restaurant,25.1706081,121.4472065
5551902821,514,Mista,restaurant,25.0225163,121.5244748
3835323348,650,焱鬼鍋燒專門店,restaurant,24.9831387,121.5661333
4205229670,437,摩斯漢堡,fast_food,25.0520446,121.5124623
5502965139,439,庄頭豆花担,cafe,25.0453375,121.5471160
7170191581,402,媽咪講親子餐廳,restaurant,25.0613677,121.5756001
2473332519,439,諭鄉鮮湯包,restaurant,25.0484347,121.5411667
3328449220,597,八方雲集,restaurant,24.9960542,121.4873105
3523782386,598,錢都日式涮涮鍋,restaurant,24.9939045,121.5035718
4205230073,437,肯德基,fast_food,25.0508388,121.5167713
7194706765,364,點水樓,restaurant,25.0827830,121.5592240
3866863876,216,後花園,restaurant,25.1339895,121.5361675
2974008721,599,肯德基中和興南店,fast_food,24.9890895,121.5100902
2908554850,139,摩斯漢堡,fast_food,25.1686454,121.4458446
3457792195,510,甜福 Fuku Brunch,restaurant,25.0277419,121.4686060
4375637990,440,一品花雕雞,restaurant,25.0446872,121.5525881
3707814363,762,三心五序板前燒 北大店,restaurant,24.9428176,121.3789475
3835345473,650,女人的廚房男人的店,restaurant,24.9834588,121.5671070
5551938751,515,盛味豐貼爐燒餅,fast_food,25.0249645,121.5453470
6323106739,437,海底撈火鍋,restaurant,25.0494821,121.5178630
4837986360,478,江家牛肉麵,restaurant,25.0403782,121.5572908
2918517186,249,北平金廚新蔬食料理,restaurant,25.1181333,121.5262175
4347522067,507,三媽臭臭鍋,restaurant,25.0192211,121.4219961
5966211093,439,芳莊越南美食,restaurant,25.0533706,121.5347287
2328249358,475,摩斯漢堡,fast_food,25.0317164,121.5167526
7211425797,480,八方雲集,restaurant,25.0360787,121.5777280
3510514465,398,保安捌肆,cafe,25.0589139,121.5116687
7365964057,397,妙音素食,restaurant,25.0650793,121.4990663
3907542449,476,大來小館,restaurant,25.0297946,121.5284464
4810841226,213,蒔蘿香草蔬食餐廳,restaurant,25.1305337,121.4991611
7211425650,480,呷飽味,restaurant,25.0375885,121.5830301
3716500118,352,鹿野桂花雞,restaurant,25.0803448,121.3829444
4969864542,507,欣佳旺喜宴會館,restaurant,25.0228527,121.4249523
7194706932,398,台北橋頭魯肉飯,restaurant,25.0658881,121.5130191
3424895618,598,皇爵咖啡,cafe,25.0022418,121.4987683
2473232878,515,印渡風情,restaurant,25.0217255,121.5427610
5860388406,516,富士咖喱,restaurant,25.0183548,121.5510517
7153752233,439,Waiting Bistro,restaurant,25.0438252,121.5419486
1837963997,366,蜀一蜀二陶鍋,restaurant,25.0821206,121.5792717
4932230926,479,王記四神湯,restaurant,25.0417243,121.5687852
5110501341,214,正典咖啡,cafe,25.1360902,121.5041489
6006761486,648,八哥重慶酸辣粉,restaurant,24.9869487,121.5477456
3459708895,514,泰品泰式料理,restaurant,25.0160133,121.5310773
4081120591,482,大嘴鳥,restaurant,25.0424804,121.6184238
7130799894,440,犬首燒,restaurant,25.0522782,121.5581162
4432474803,437,天喜火鍋店,restaurant,25.0538936,121.5135006
2643681877,353,合浦刀切麵,restaurant,25.0792361,121.3881675
7192846584,321,添丁切仔麵,restaurant,25.0839462,121.4740071
4339392964,360,豪美精緻全自助餐,restaurant,25.0716433,121.4920221
4775546785,395,MELODY美樂地美食餐廳,restaurant,25.0582785,121.4719398
7031628750,441,口昍品平價牛排,restaurant,25.0505294,121.5741719
5334987524,514,許記生煎包,restaurant,25.0245694,121.5290840
469620172,515,星巴克,cafe,25.0217117,121.5412214
5471735623,365,川耗子,restaurant,25.0769817,121.5771986
4524863646,516,大程鐵板燒,restaurant,25.0284824,121.5566637
7138715782,213,翊家人滷味,restaurant,25.1349878,121.4990850
3544693893,437,賽門甜不辣,restaurant,25.0454032,121.5067993
4432818422,555,吃到飽,restaurant,25.0054962,121.5048555
4031297294,438,RABIT RABIT TEA,cafe,25.0432469,121.5326070
4301001268,439,田園海鮮餐廳,restaurant,25.0459764,121.5382507
4681664310,478,阿正廚坊,restaurant,25.0320388,121.5517506
4524191959,472,宜家家居餐廳,restaurant,25.0415765,121.4653827
4100096903,203,藍色公路海景咖啡館,cafe,25.1281069,121.3461622
3408985695,694,包麥利早餐店,restaurant,24.9622959,121.5397312
7211425652,444,呷粗飽便當店,restaurant,25.0559530,121.6141839
7138715807,214,艾蜜莉廚房,restaurant,25.1362257,121.5044281
4820442572,471,碳烤地瓜,restaurant,25.0405274,121.4458676
6134452977,437,路易莎咖啡,cafe,25.0461119,121.5165998
5016017292,437,京町8号,cafe,25.0467248,121.5110851
3062473433,139,攏一百生猛熱炒,restaurant,25.1778802,121.4455950
3826876818,647,全多麥早餐,restaurant,24.9774312,121.5329398
4118442373,437,丹堤咖啡,restaurant,25.0450856,121.5137726
5859230934,507,台西鵝肉,restaurant,25.0254454,121.4240875
4577310609,407,念舊台灣小吃(樟樹店),restaurant,25.0649390,121.6422548
2775768374,516,百八漁場,restaurant,25.0284015,121.5570462
6478561430,506,漢林大漢堡,fast_food,25.0188264,121.4057313
6924533514,437,Star Cafe,cafe,25.0501191,121.5156492
4837986435,439,露西亞咖啡,restaurant,25.0517874,121.5333485
4483372189,325,順來十全排骨,restaurant,25.0881366,121.5239693
3205757483,509,來得福餐廳,restaurant,25.0203226,121.4550419
7194706876,603,小鴨藥膳加熱滷味,restaurant,24.9905734,121.5738305
5110490229,437,基隆寶嘟嘟關東煮美食,restaurant,25.0471687,121.5059447
3424475241,598,中和牛家莊,restaurant,24.9990841,121.4957099
7175344782,515,哥萊早餐屋,restaurant,25.0283493,121.5461117
7130799940,440,小統一牛排,restaurant,25.0536540,121.5585204
5569304655,442,料理王素食自助餐,restaurant,25.0452456,121.5785443
4808671427,439,沐鴉咖啡,cafe,25.0488955,121.5350100
3704216625,438,蘋果早午餐,restaurant,25.0535578,121.5320391
4834803689,514,恩可廚坊,restaurant,25.0212034,121.5331875
2392237991,400,早點嘗鮮民權店,restaurant,25.0609291,121.5349789
5779562121,325,拿波里披薩,restaurant,25.0945502,121.5248588
5504533367,557,三五食堂,restaurant,25.0031477,121.5368384
7282086087,327,豐FOOD．海陸百匯,restaurant,25.0838398,121.5549383
7211425806,480,一品味碳烤,restaurant,25.0371307,121.5794029
7194706860,482,桂花香快炒屋,restaurant,25.0413857,121.6183915
7095347125,478,衣櫥餐酒,restaurant,25.0425087,121.5482779
7211425800,480,二九八精緻早午餐,restaurant,25.0392651,121.5869599
4531146086,593,羊鼎天碳燒羊肉爐,restaurant,24.9996573,121.4237792
4837986401,477,CAMPUS CAFE,restaurant,25.0418699,121.5390292
6188996226,397,真永和北平烤鴨,restaurant,25.0660877,121.5019719
7194706720,325,李宅小食,restaurant,25.0932599,121.5274140
6135336688,437,小高玉迴轉壽司,restaurant,25.0459385,121.5159629
5515959703,437,韓虎嘯,restaurant,25.0481458,121.5170778
7169581045,440,冠京華,restaurant,25.0521518,121.5549180
4325693923,438,樂法,cafe,25.0436677,121.5318770
4407644181,475,安安小館,restaurant,25.0314760,121.5179569
3909253549,640,阿吉黑糖冰店,restaurant,24.9784151,121.4190611
5250500921,325,正品快炒店,restaurant,25.0895264,121.5240485
2300640533,367,大佳牛雜湯,restaurant,25.0795821,121.5932758
7175334764,441,達美樂松信店,restaurant,25.0433017,121.5718474
7170215739,443,好捲早午餐,restaurant,25.0522581,121.5934353
4333515789,287,麥當勞,fast_food,25.1094823,121.5331113
4365765791,543,福隆聰師傅山海鮮,restaurant,25.0189248,121.9490009
7184923068,437,米達人,restaurant,25.0481562,121.5182837
3417501617,598,李家牛肉麵,restaurant,24.9957898,121.4982560
4143035558,648,日本九州拉麵,restaurant,24.9805973,121.5440655
4820442524,433,牛仔部落厚切牛排,restaurant,25.0435357,121.4517244
5378179011,213,家福焼臘店,restaurant,25.1365479,121.4957835
6734330774,358,弘記豆漿店,restaurant,25.0824475,121.4709659
7211425644,443,怡新小吃,restaurant,25.0564806,121.6055447
6987688025,649,豐年赤肉羹,restaurant,24.9839015,121.5617278
7013972086,698,TDH貓茶町 貓空店,restaurant,24.9705719,121.5937393
7194707004,364,PIZZA HUT必勝客,restaurant,25.0802667,121.5482130
2927324145,138,中正油條,restaurant,25.1717556,121.4391322
6909232016,358,段純貞牛肉麵,restaurant,25.0830658,121.4630520
7175344688,405,丼亭豬排咖哩飯,restaurant,25.0693155,121.6168286
3706324843,478,秘密基地餐廳,restaurant,25.0325213,121.5572759
2730516050,438,麥當勞,fast_food,25.0444184,121.5233843
2930827001,139,台灣第一家鹽酥雞,fast_food,25.1738871,121.4512770
4198238528,438,竹簡精緻鍋物,restaurant,25.0518567,121.5273396
5222768621,287,水車日本料理,restaurant,25.1038397,121.5207715
3337458103,639,水餃,restaurant,24.9815707,121.4150805
4452890936,506,Pizza Hut,fast_food,25.0171535,121.4016046
4347522006,507,炒羊肉,restaurant,25.0196838,121.4206810
3867794074,439,伊通素食,restaurant,25.0533372,121.5346164
6026910808,440,星巴克,cafe,25.0521318,121.5483459
5998320824,642,星巴克,cafe,24.9833648,121.4589408
2643621273,353,參拾元麵,restaurant,25.0782617,121.3927149
4429204389,548,蓮品齋 素菜餐廳,restaurant,25.0099539,121.4144986
7169581024,440,雞大爺,restaurant,25.0490612,121.5543987
7216240731,438,大心,restaurant,25.0521751,121.5207014
2473232860,515,Zheng Da Beef Noodle,restaurant,25.0216679,121.5409261
2611788700,552,摩斯漢堡,fast_food,25.0072256,121.4611024
4314508111,593,派克脆皮雞排,restaurant,24.9916291,121.4219709
7130802021,401,霸味薑母鴨,restaurant,25.0615384,121.5480616
3716500122,352,金湯匙,restaurant,25.0819194,121.3833923
7365964038,397,1985窯烤披薩,restaurant,25.0659350,121.4969367
4269583489,439,阿三汕頭牛肉麵,restaurant,25.0469238,121.5418777
5324659747,438,Buttermilk,restaurant,25.0557676,121.5229898
7365963985,397,澳門氹仔燒臘,restaurant,25.0664133,121.4986246
5332524923,399,這一鍋,restaurant,25.0657069,121.5225278
4334083601,438,NGK,cafe,25.0480214,121.5331550
2969057137,476,德忞牛肉麵,restaurant,25.0387140,121.5254377
4236823723,476,巨林美而美,restaurant,25.0324742,121.5290660
6323106751,437,聖加南洋小品,restaurant,25.0492756,121.5173990
3574561478,639,早安鄉之城,restaurant,24.9828518,121.4138871
3540983601,553,賣亨堡,fast_food,25.0045104,121.4886652
4836631365,475,老熊牛肉麵,restaurant,25.0321598,121.5157391
4328118610,439,茶水攤,restaurant,25.0516244,121.5434819
3472549196,552,西堤牛排,restaurant,25.0076855,121.4599783
4678624019,479,香矛廚泰式料理,restaurant,25.0393464,121.5663508
2143411201,327,裕濠小館,restaurant,25.0848507,121.5565538
2932216101,139,淡水滬尾豆花,restaurant,25.1696660,121.4451416
7211425659,443,阿龍小吃店,restaurant,25.0561948,121.6052104
5492161585,479,DOHTONBORI道頓堀 御好燒,restaurant,25.0352679,121.5662130
5562886137,474,眼鏡小吃店,restaurant,25.0426922,121.5022833
3835330661,649,私家手作廚房,restaurant,24.9879198,121.5537086
3503313197,438,烹烹煮,restaurant,25.0535391,121.5323851
2518367457,439,榮華包子,restaurant,25.0483948,121.5409855
2222730045,439,自助餐,restaurant,25.0516991,121.5374508
4820442581,433,東山鴨頭,restaurant,25.0457561,121.4448504
3113981811,476,自助餐,restaurant,25.0366966,121.5324193
7194706891,216,American Village,restaurant,25.1365445,121.5432058
7138715785,213,元食堂,restaurant,25.1347584,121.4998320
2643644704,353,飽足感食到美食,restaurant,25.0774096,121.3946442
2718279951,552,無敵漢堡,restaurant,25.0107813,121.4636316
4943766920,438,路易莎咖啡,cafe,25.0531144,121.5188803
3042697233,139,讚不絕口風味小火鍋,restaurant,25.1721648,121.4455886
4563140495,555,寵咖啡 / 寵私廚 / the favorite café (寵物友善餐廳),restaurant,25.0120154,121.5052593
7194706735,650,大腕玉里麵,restaurant,24.9884738,121.5738367
7170191575,402,88號樂章 婚宴會館,restaurant,25.0603455,121.5751506
5564542413,444,兩相宜早餐,restaurant,25.0558606,121.6114362
3113986361,477,雙連魯肉飯,restaurant,25.0348547,121.5346433
4213857006,734,珍香牛肉麵,restaurant,24.9602171,121.5395234
7213007979,515,大叔蔬食,restaurant,25.0229135,121.5429416
6904829624,649,克里斯早午餐,restaurant,24.9873261,121.5486157
7170215763,442,玉成包子店,restaurant,25.0509366,121.5817202
3171245488,433,金磚油飯麻油雞,restaurant,25.0444500,121.4479748
3835358922,649,朵明哥咖啡館,cafe,24.9813195,121.5613296
7175344558,512,漢林大漢堡,restaurant,25.0200710,121.4980985
4483316291,325,八方雲集,restaurant,25.0948148,121.5255716
7211425531,480,游記鵝肉攤,restaurant,25.0397360,121.5855937
3854472475,557,曼德樂泰式料理,restaurant,25.0138743,121.5340907
7095347121,477,滇泰食府,restaurant,25.0406755,121.5468390
7194706897,650,布朗奇優先早餐店,restaurant,24.9877196,121.5759868
4058075221,480,爭鮮迴轉壽司,restaurant,25.0404874,121.5776694
3450014413,598,廟口麻油雞,restaurant,25.0004206,121.5012348
4200642674,602,大興隆燒臘,restaurant,25.0010599,121.5499600
3311218073,514,陳記生煎包,restaurant,25.0276693,121.5217216
1115759434,291,內湖101花草茶棧,cafe,25.1028881,121.5827830
5220512986,478,Second Floor Cafe,cafe,25.0308443,121.5499853
4293261218,650,楊記小吃,restaurant,24.9881454,121.5760414
7194706783,367,麥町吐司工房,restaurant,25.0799697,121.5954060
2050889836,478,築地鮮魚日式料理,restaurant,25.0420123,121.5555561
2192021067,367,摩斯漢堡,fast_food,25.0740385,121.6060379
7175334741,477,心耕101美食,restaurant,25.0339109,121.5344327
6654640238,601,吉泰滇泰料理,restaurant,24.9996938,121.5480036
5052612407,557,新馬辣經典麻辣鍋,restaurant,25.0117884,121.5358950
2918483449,400,古佛素食,restaurant,25.0586290,121.5474133
3182115422,601,鵝媽媽,restaurant,24.9915420,121.5418376
7211425506,403,圓環肉羹,restaurant,25.0687360,121.5855161
3685970539,351,丹堤咖啡,cafe,25.0729174,121.3659281
3907961035,438,鈺 善閣 素 養生懷食,restaurant,25.0459856,121.5244920
2624310282,597,Subway,fast_food,24.9955901,121.4830191
4689769784,516,毛毛屋複合式餐飲,restaurant,25.0202098,121.5526658
6385692665,366,星巴克,cafe,25.0783677,121.5841521
7282086688,437,阿珠小吃,fast_food,25.0513345,121.5119450
4820442019,433,ANIKI BURGER,restaurant,25.0436966,121.4522652
4820442017,471,蔥蔬餅,restaurant,25.0426262,121.4527582
3450600135,598,淳咖啡,restaurant,24.9999194,121.5019412
4421534143,397,神戶牛排屋,restaurant,25.0671663,121.4928201
7169581022,440,佳林漢堡,restaurant,25.0497344,121.5549453
5607409124,321,ㄒㄧㄤ精緻鍋物,restaurant,25.0842436,121.4697271
3528629821,475,路易莎咖啡,cafe,25.0323554,121.5167077
5362641262,479,古記雞信義店,restaurant,25.0405355,121.5728000
4524864524,799,甘樂文創,cafe,24.9343664,121.3722687
2296283849,438,甜圈自助餐,restaurant,25.0513411,121.5314269
6905296024,475,咖博館,cafe,25.0296101,121.5150893
4450921879,658,第一香滷味 華梵店,fast_food,24.9814821,121.6909147
3909277300,640,城市漢堡,restaurant,24.9792284,121.4180253
5179671021,365,擴邦麵包,restaurant,25.0809637,121.5681352
4085142313,595,薩利亞義大利料理,restaurant,24.9973708,121.4519602
4033359742,601,樂食蜀川味麵館,restaurant,24.9940420,121.5417736
6029957596,325,南港老張胡椒餅,restaurant,25.0897373,121.5228101
7211419083,480,福德手工素食包子店,restaurant,25.0386821,121.5852175
7211425811,480,Q Burger,restaurant,25.0394112,121.5876344
3444671405,552,平價牛排,restaurant,25.0057619,121.4619647
6205140792,478,八年得香辣臭豆腐鴨血專賣店,restaurant,25.0426308,121.5531562
7138715779,213,大腸麵線,restaurant,25.1352222,121.4986759
4753120053,470,摩斯漢堡,fast_food,25.0323961,121.4331821
7194693226,603,喔嗨唷早餐店,restaurant,24.9894901,121.5738114
7213007969,515,I'm Pasta,restaurant,25.0225167,121.5427726
5564549042,445,鼎園中餐廳,restaurant,25.0549276,121.6310870
4258235955,595,光頭呂蔥抓餅,fast_food,24.9926660,121.4591209
5208155826,475,南美咖啡,cafe,25.0425700,121.5062993
3065313954,648,雲南傣族小吃,restaurant,24.9825967,121.5339017
4646739626,438,世界豆漿大王,restaurant,25.0563053,121.5246680
4524344001,648,台南擔仔麵,restaurant,24.9782336,121.5392066
3670374321,478,碎碎念咖啡,cafe,25.0422926,121.5549772
4978731696,437,麗福素食,restaurant,25.0501429,121.5159105
2315944920,601,摩斯漢堡,fast_food,24.9923895,121.5443205
6323106748,437,海壽司,restaurant,25.0489233,121.5178911
7213752464,516,瓦城,restaurant,25.0291483,121.5512505
6028681170,593,首都肉羹,restaurant,24.9941046,121.4276790
7365964020,397,一嘴鍋燒麵,restaurant,25.0644457,121.4991560
5110348636,516,育園自助餐,restaurant,25.0241252,121.5546594
3787970995,515,西藏廚房,restaurant,25.0251839,121.5426451
7130799925,440,麻吉寶,restaurant,25.0519196,121.5580473
743174782,514,希臘佐巴,restaurant,25.0188598,121.5309540
6180492020,599,燒烤店,restaurant,24.9972591,121.5110903
5132423623,476,其實豆製所,cafe,25.0336511,121.5270153
6418121444,439,The Caffeine,cafe,25.0521392,121.5406384
2656074195,441,金山客家小館,restaurant,25.0508110,121.5664089
3528427295,439,阿海自助餐,restaurant,25.0537740,121.5347228
2619650805,442,滿客牛肉麵,restaurant,25.0451211,121.5863297
3722809777,359,兩披索,restaurant,25.0829753,121.4873647
5188302124,325,壹咖啡,cafe,25.0897364,121.5237407
2419423343,593,八方雲集,fast_food,24.9916074,121.4236337
3307881889,440,一品活蝦,restaurant,25.0448583,121.5507796
5211495121,249,家鄉越南美食,restaurant,25.1110416,121.5258152
4524863837,438,饌玉豐,restaurant,25.0439019,121.5223323
4175821991,361,老麵店,restaurant,25.0703651,121.5117924
3837357658,598,TRUE COFFEE烘焙工作室,cafe,24.9964284,121.4956058
2490656675,476,愛香園,restaurant,25.0402517,121.5259137
6242158916,602,溫馨廚房,restaurant,24.9999265,121.5557291
7138715788,213,小籠包,restaurant,25.1335271,121.5023680
5938833875,514,天曉得,cafe,25.0226060,121.5288862
5505377662,601,肉圓,restaurant,25.0001230,121.5403844
7175344612,405,王家水餃館,restaurant,25.0686756,121.6166074
3909277302,640,永和豆漿中式早餐,restaurant,24.9792829,121.4181562
3881926858,441,三商巧福,restaurant,25.0480524,121.5663313
3341995418,640,魷魚焿,restaurant,24.9822742,121.4211714
2293203447,399,Subway,fast_food,25.0669238,121.5226638
2086704511,444,老張燒餅,fast_food,25.0529333,121.6155291
2300974260,367,永和四海豆漿大王,restaurant,25.0797902,121.5930957
2770015566,438,自助餐,restaurant,25.0536476,121.5191195
2166594039,478,大鼎豬血湯,restaurant,25.0350269,121.5561890
5367517487,515,感恩小館,cafe,25.0203718,121.5335606
5564542407,444,101小飯廳,restaurant,25.0555125,121.6104230
6054076975,325,六九小館,restaurant,25.0915927,121.5251244
1846463541,365,Royal Host,restaurant,25.0725201,121.5757149
3448055098,438,紙街,cafe,25.0435661,121.5302328
7175344538,514,大師兄牛肉麵,restaurant,25.0293137,121.5266281
7211425576,374,悟饕池上飯包,restaurant,25.0818050,121.6974834
3103266678,439,拌公室韓式拌飯專賣店,restaurant,25.0532991,121.5340958
3854472479,557,佳興魚丸,restaurant,25.0138369,121.5341480
3727152542,440,老詹黃牛肉麵,restaurant,25.0485140,121.5527393
7175334784,512,巨林美而美,restaurant,25.0222814,121.4980209
2925742715,138,大塊牛排,restaurant,25.1693060,121.4440231
4325694204,438,銀記手桿刀切牛肉麵,restaurant,25.0435535,121.5314059
4520207472,692,本因坊刷刷鍋,restaurant,24.9617128,121.5100943
7184888474,438,赤雞雞排,restaurant,25.0470773,121.5199228
6440886052,444,川．椒好運,restaurant,25.0556941,121.6164100
4820634499,561,泰好吃 泰式料理,cafe,25.0025803,121.6037262
5651221661,512,喜相逢 西點麵包,restaurant,25.0270003,121.4959889
5509024644,499,莫安堤歐創意饅頭,restaurant,25.0378157,121.8659345
4007811643,601,綠意蔬食,restaurant,24.9898124,121.5414136
5593519923,325,摩斯漢堡,fast_food,25.0952210,121.5262367
4972417386,476,呂桑食堂,restaurant,25.0313778,121.5294638
4443758492,694,綠時代健康素食,restaurant,24.9737471,121.5427418
2987200076,479,cama 現烘咖啡專賣店,cafe,25.0416711,121.5651761
5110489278,438,辣麻味噌沾麵鬼金棒,restaurant,25.0493216,121.5211495
7175344632,366,秋月傳統中式米食,restaurant,25.0773733,121.5797206
4834782540,648,財記魚翅肉羹,restaurant,24.9805436,121.5420690
6440001986,437,明吉小館,restaurant,25.0559976,121.5151810
7175344552,190,太陽胡椒餅,restaurant,25.1513070,121.5475162
6202943442,359,老先覺,restaurant,25.0806483,121.4811292
3463196825,598,534陽春麵滷肉飯,restaurant,24.9945127,121.5027794
7175344781,441,后庄排骨酥麵,restaurant,25.0503326,121.5735352
4242503836,646,京都拉麵,restaurant,24.9851401,121.5069259
7169581044,440,小琳涼麵河粉,restaurant,25.0525873,121.5549811
5717980238,476,鴉埠咖啡,cafe,25.0304540,121.5292914
5715697696,478,石家烤肉飯,restaurant,25.0321944,121.5532487
2171345912,366,早點來,restaurant,25.0751008,121.5851416
6323106733,437,Sushi Motto,restaurant,25.0467727,121.5168746
6389073478,597,摩斯漢堡,fast_food,24.9984877,121.4876571
4242503835,646,黑白切,restaurant,24.9853784,121.5071513
4293261221,698,煎茶院,restaurant,24.9671039,121.5962324
5830584185,72,家味碳烤,restaurant,25.2198576,121.6381252
2783002895,433,八方雲集,restaurant,25.0492596,121.4558752
4432542365,433,來來自助餐,restaurant,25.0492611,121.4497590
4298919564,558,角落咖啡,cafe,25.0043928,121.5610443
4836957184,388,木屋雞蛋糕,restaurant,25.0587077,121.3682544
2460626593,439,藥膳羊肉麵,restaurant,25.0534691,121.5434184
7194693273,650,德合香早餐店,restaurant,24.9876023,121.5756367
3981536200,403,四季補藥燉排骨,restaurant,25.0691451,121.5841922
7170215717,398,大呼過癮臭臭鍋,restaurant,25.0648842,121.5110144
7175344778,515,四維紅麵線,restaurant,25.0281512,121.5467233
3910443377,438,伍柒玖麵飯館,restaurant,25.0435530,121.5319276
6024244349,397,春米鐵板吐司,restaurant,25.0697680,121.4978412
3751057118,405,大碗公冰店,restaurant,25.0691648,121.6148604
3231186746,687,和春日式料理,restaurant,24.9672798,121.4364204
5564542405,444,斐僑素食,restaurant,25.0556391,121.6111574
6140337449,514,至香園,restaurant,25.0191116,121.5315717
4298924009,478,樂活養生鍋,restaurant,25.0339785,121.5572787
2810933503,552,福霖食堂,restaurant,25.0102909,121.4640775
5840893088,438,麒玲義大利麵店,restaurant,25.0444144,121.5240803
6323106722,478,凱菲屋,restaurant,25.0350779,121.5627551
3821098478,734,野店燒烤,restaurant,24.9559400,121.5372328
7194706772,482,皇后南洋風味館,restaurant,25.0417150,121.6179766
7011883075,399,築間幸福鍋物,restaurant,25.0649975,121.5271085
6569447326,437,國賓鹹粥,restaurant,25.0431854,121.5046524
4344472250,477,林記紅燒牛肉麵,restaurant,25.0330520,121.5382480
7365923863,397,宜品福州乾拌麵,restaurant,25.0625759,121.4985143
3114460967,600,伊豆咖啡,cafe,24.9915787,121.5261550
4031297497,438,藏壽司,restaurant,25.0522551,121.5325812
7211425643,443,昆陽牛肉麵,restaurant,25.0497533,121.5935762
4253208221,514,蒸夠臭臭豆腐,restaurant,25.0169131,121.5311165
5109350521,557,韓式,restaurant,25.0147726,121.5337180
4085092834,514,川西堂複方小麵,restaurant,25.0196438,121.5318226
4836653415,325,TOROS,restaurant,25.0954505,121.5274479
7194693218,482,三合鐵板燒,restaurant,25.0415141,121.6183555
4502075210,139,古今中外(1F),restaurant,25.1749946,121.4508614
2166454737,439,合瑞新自助餐,restaurant,25.0521359,121.5398403
3232608897,367,路易莎,cafe,25.0731999,121.6065295
3031506635,138,阿麗精緻水煎包,restaurant,25.1697436,121.4426315
3151325175,556,翠薪越南餐廳,restaurant,25.0151279,121.5326187
5281258626,439,Think Cafe,cafe,25.0453427,121.5421430
5279103422,474,Toast,cafe,25.0405651,121.5029838
7194706945,216,亞尼克夢想村,restaurant,25.1374810,121.5437652
7368631849,397,路易莎咖啡LOUISA COFFEE,cafe,25.0626899,121.4995301
6028698342,593,海星,restaurant,24.9943133,121.4271215
4928425271,439,銀魚泰式料理,restaurant,25.0509065,121.5352026
5369304260,515,米多麗小館,restaurant,25.0232158,121.5429235
2631952779,439,客來源素坊 (八德店),restaurant,25.0468064,121.5396550
4524343993,648,瓦城,restaurant,24.9832865,121.5377109
6242158925,602,雅味小集中西式早餐,restaurant,25.0002565,121.5552959
2529516103,648,至仁堂健康素食餐廳,restaurant,24.9867100,121.5465429
4200643980,602,鐵板城鐵板燒,restaurant,24.9996443,121.5544216
2529279472,649,羹の原味,restaurant,24.9875806,121.5515860
7175344629,190,小莊芋頭米粉湯,restaurant,25.1502643,121.5476867
6452416866,479,拼拼拌 都滿韓家,restaurant,25.0416032,121.5658375
3304641840,440,一風堂,restaurant,25.0433634,121.5492848
7211425522,442,董老爹麵食館,restaurant,25.0454199,121.5864728
3415880880,598,詩麥爾精品咖啡館,restaurant,24.9975933,121.4981938
3835347957,649,新野,restaurant,24.9843458,121.5611680
7022030578,438,彩虹堂麵水餃,restaurant,25.0545071,121.5316281
6805098957,444,來一客早餐,restaurant,25.0556897,121.6070962
2170239680,601,永和豆漿,restaurant,24.9901115,121.5409013
5551885221,514,福岡日式簡餐,restaurant,25.0237226,121.5252120
6969436636,694,香港正宗港味燒臘館,restaurant,24.9681170,121.5413578
7138715772,213,天天來,restaurant,25.1371868,121.4995437
5739420396,513,老黃自助餐,restaurant,25.0164659,121.5164253
2755478348,476,艋舺仙草,restaurant,25.0398502,121.5221929
5286867841,602,早餐店,restaurant,24.9991724,121.5582784
5220512997,516,星巴克,cafe,25.0292252,121.5495995
7211425621,480,易家鯊魚麵,restaurant,25.0365067,121.5790558
4205229638,439,三禾自助餐,restaurant,25.0559928,121.5455133
5908259420,601,達美樂,fast_food,24.9999113,121.5439488
2912531701,139,財哥燒臘,restaurant,25.1738133,121.4521388
4707141889,438,LeTAO,restaurant,25.0535911,121.5222973
5206180222,249,切仔麵達人,restaurant,25.1190753,121.5296159
3323027108,593,果都,cafe,24.9912328,121.4251196
4585493593,478,京星港式飲茶,restaurant,25.0412011,121.5484456
3541454274,761,巷仔內小吃店,restaurant,24.9377529,121.3626851
3664675905,515,上好魚翅燕窩,restaurant,25.0196333,121.5336854
6127553960,593,Magic Touch 点爭鮮,restaurant,24.9953449,121.4286476
3408986094,694,光明街油飯,restaurant,24.9617544,121.5393295
3637170875,475,君稅排骨,restaurant,25.0423994,121.5126198
4670411401,697,Cat's Got Nothing To Do,cafe,24.9678519,121.5916343
3391425606,400,星巴克,cafe,25.0579503,121.5447403
7194706969,697,蘭姐草仔粿,restaurant,24.9667037,121.5811330
5236190821,287,葵鰭手作壽司,restaurant,25.1075440,121.5281966
4298941392,478,蒙古紅蒙古火鍋,restaurant,25.0399103,121.5554837
3334336893,601,石二鍋,restaurant,24.9939437,121.5409054
4452616504,438,東北大餅,restaurant,25.0488908,121.5209017
5110491050,399,Sabrina,restaurant,25.0637850,121.5230198
3476696157,599,歡樂屋早餐,fast_food,24.9965847,121.5040712
6769785043,388,甲上燒餅,restaurant,25.0589054,121.3642234
4524864164,438,The Daft House,cafe,25.0485926,121.5207408
3444714003,551,Artco Cafe,cafe,25.0094073,121.4595295
4200642675,558,好朋友快炒店,restaurant,25.0031424,121.5509288
4082319381,400,東輝韓食館,restaurant,25.0595985,121.5345927
3270616972,438,蘑菇咖啡,cafe,25.0545643,121.5203369
4945136622,398,怡客,cafe,25.0590522,121.5140019
3731275516,723,敬永 韓國食品館,restaurant,24.9498062,121.3807136
2618687897,211,八方雲集,restaurant,25.1367868,121.4602954
6695580312,472,孫東寶平價牛排,restaurant,25.0304531,121.4719369
4403870897,439,毒茶,cafe,25.0436199,121.5464736
4264711889,400,上引水產,restaurant,25.0666943,121.5369340
3909253661,640,美而美,restaurant,24.9785112,121.4191531
5699174886,477,元氣家族麵飯館,restaurant,25.0328589,121.5446075
6029926696,325,派克脆皮雞排,restaurant,25.0897496,121.5227915
3714789200,479,豐原排骨酥麵,restaurant,25.0396580,121.5718279
6375243479,328,西湖雞腿王,restaurant,25.0837597,121.5679197
6936432803,514,Louisa Coffee,cafe,25.0270586,121.5253851
7037347316,399,鶴 現滷滷味,restaurant,25.0578521,121.5208389
3412155594,601,TNT美式炭烤牛排,restaurant,24.9930364,121.5442059
5110580387,543,Scubar,restaurant,25.0192655,121.9497928
3924757099,475,鬍鬚張,restaurant,25.0352159,121.5077379
2977303923,555,鍋大俠日式石頭火鍋,restaurant,25.0076178,121.5127940
5249515028,478,すき家 國父記念館店,fast_food,25.0424395,121.5574240
2977303909,555,八方雲集,restaurant,25.0077221,121.5122058
7194706993,444,唐門潮雞排,restaurant,25.0461191,121.6153207
4239440499,477,這一窩,restaurant,25.0329199,121.5475931
2820087264,510,頂呱呱,fast_food,25.0223476,121.4673381
4085141433,595,德克士脆皮炸雞,fast_food,24.9972812,121.4518530
5362689123,506,碧泉越南美食,restaurant,25.0166947,121.4086523
6794573761,304,CHLIV,cafe,25.1101455,121.8449732
4330537856,514,雙魚坊咖啡,cafe,25.0228552,121.5289816
2909069806,138,星巴克,cafe,25.1682800,121.4442299
2084597622,514,鮮堡漢堡,fast_food,25.0288948,121.5257852
7170234740,478,巨林美而美,restaurant,25.0370154,121.5611025
4538276220,439,老乾杯,restaurant,25.0539304,121.5455325
5110348742,441,鐵路便當,restaurant,25.0492701,121.5690714
3077524845,515,瑞安豆漿大王,restaurant,25.0285632,121.5414758
2718279949,552,藍屋,restaurant,25.0140249,121.4675001
5108706551,694,文海煎包,restaurant,24.9739864,121.5436812
6006815785,479,溫州大餛飩,restaurant,25.0340879,121.5644251
4706638043,397,八方雲集,restaurant,25.0633139,121.4896437
3664788327,439,巨林美而美,restaurant,25.0540987,121.5349387
4449312463,438,京讚自助餐,restaurant,25.0522632,121.5186442
5674863144,513,達文西咖啡,cafe,25.0268294,121.5183775
3854086750,321,葉家排骨飯,restaurant,25.0885237,121.4664345
7304609867,513,mini B手作漢堡,restaurant,25.0159506,121.5153980
6315663140,440,Leisure Cafe,cafe,25.0538277,121.5527276
7175334736,211,鳥玩義兒,restaurant,25.1301707,121.4716450
7153752177,478,悄悄話,restaurant,25.0385579,121.5534706
2804449468,440,小心上ㄧㄣˇ,restaurant,25.0519802,121.5593225
2784794586,551,逸馨園,restaurant,25.0069673,121.4539452
6063551105,325,老厝邊麻辣涼麵,restaurant,25.0911142,121.5245572
2410161242,516,呷尚寶,restaurant,25.0268665,121.5566120
5250495624,325,蜜汁燒烤,restaurant,25.0890202,121.5252966
4426784319,507,路易莎,cafe,25.0246557,121.4235484
5564549041,445,汎塔莎 FANTASIA,restaurant,25.0550765,121.6312295
3417501613,598,大呼過癮臭臭鍋,restaurant,24.9943452,121.4970442
7217153061,117,小林雞肉飯,restaurant,25.1831505,121.4475408
3706008151,478,信義通化,restaurant,25.0316166,121.5534931
7170215732,443,鮮堡漢堡,restaurant,25.0514054,121.5935584
5185300623,249,小菠蘿複合式餐飲,restaurant,25.1193520,121.5262048
5583864422,438,阿娥水餃,restaurant,25.0526505,121.5288395
3270665662,399,圍裙咖啡,cafe,25.0566470,121.5200947
3727533630,598,深坑臭豆腐,restaurant,24.9896809,121.4909783
7095347127,440,二本餐廳,restaurant,25.0429910,121.5482719
4524863865,439,吃義燉飯,restaurant,25.0537114,121.5473101
6989587787,474,豐原排骨麵,restaurant,25.0366574,121.4987713
2616987216,731,華城燒腊粵菜餐廳,restaurant,24.9524537,121.4926610
7216240734,287,大心,restaurant,25.1049409,121.5244135
2386625619,438,咖啡實驗室,cafe,25.0430524,121.5285907
7175344619,479,吳姑姑,restaurant,25.0417294,121.5718058
3416263828,598,溫州大餛飩,restaurant,24.9952164,121.4976539
2518367575,439,西貢美食,restaurant,25.0487262,121.5360602
6024282260,510,sukiya,restaurant,25.0193913,121.4651870
3560986523,639,熊大創意料理,restaurant,24.9828169,121.4122917
5256843233,249,eurpean cuisine,restaurant,25.1108440,121.5300614
4200642670,558,囍咖啡美式餐坊,restaurant,25.0034267,121.5504777
5110348775,478,惠比壽麵屋,restaurant,25.0340230,121.5572854
5108707187,600,老薑汕頭麵,restaurant,24.9979986,121.5265295
7211425653,479,呷尚寶早餐店,restaurant,25.0343478,121.5753561
4739470421,367,蒔蘿香草餐廳,restaurant,25.0828494,121.6041234
6504032486,365,茉莉漢堡,fast_food,25.0801333,121.5662100
2079699833,438,義麵坊,restaurant,25.0447135,121.5291413
2625503727,363,嘉義雞肉飯,restaurant,25.0796516,121.5459092
7175344609,441,川元涮涮鍋,restaurant,25.0506167,121.5759250
3665504925,476,燒鳥處,restaurant,25.0308225,121.5296097
3416180939,598,新立定食屋,restaurant,24.9998427,121.4968077
3426316144,599,Subway,fast_food,25.0006296,121.5090829
3670374298,440,伯朗咖啡館,cafe,25.0439737,121.5543116
3533380494,438,三川麻辣鍋,restaurant,25.0526171,121.5310860
2927145125,139,多朗克美式早餐,restaurant,25.1750836,121.4464338
3811445879,399,Louisa Coffee,cafe,25.0573372,121.5190769
7169581026,440,四象4好,restaurant,25.0487666,121.5540867
3462988599,598,皇家大腸麵線,restaurant,24.9957871,121.5013966
7011883063,399,欣葉台菜,restaurant,25.0663556,121.5242352
5504919527,601,小吃店,restaurant,24.9953202,121.5392095
5162301035,555,雲南婆婆雲泰料理,restaurant,25.0085105,121.5149504
4205229655,400,家常台菜,restaurant,25.0642252,121.5451023
7211425571,480,秦菲菲傳統豆漿店,restaurant,25.0384849,121.5846654
2625503740,363,銅板拉麵,restaurant,25.0797360,121.5469224
7095347117,477,INDULGE Bistro,restaurant,25.0391419,121.5448087
3727895635,438,Ikari Coffe,cafe,25.0494103,121.5332058
5048161954,187,八方雲集,restaurant,25.1410359,121.4998419
7175344529,479,美濃張家莊,restaurant,25.0415765,121.5767636
4269583492,439,佐藤養助地,restaurant,25.0514347,121.5433589
2886463901,440,陳紀九龍燒臘,restaurant,25.0482076,121.5566960
4524863731,400,札札咖啡,cafe,25.0598806,121.5444245
1971320881,514,Mix Coffee & Tea,cafe,25.0241626,121.5241555
4155481614,469,MOS Burger,fast_food,25.0419347,121.4250827
2310552097,437,樂麵屋,restaurant,25.0448554,121.5054271
7138715786,213,無剌虱目魚,restaurant,25.1332901,121.5018832
2880238728,439,名峯烤肉飯,restaurant,25.0489497,121.5422349
6112308589,325,草原風蒙古火鍋,restaurant,25.0836597,121.5229554
7008562086,479,醐同燒肉夜食五號店,restaurant,25.0354999,121.5678607
871302333,406,Tree Cafe,cafe,25.0696042,121.6329414
7153752259,439,八德饅頭店,restaurant,25.0446568,121.5345094
4739219858,367,Jolly卓莉手工釀啤酒泰食餐廳,restaurant,25.0726076,121.6049095
4325693426,601,唯香日本料理店,restaurant,24.9940774,121.5448157
2137521993,479,小陳牛肉麵,restaurant,25.0395066,121.5766428
2772748899,648,丹堤咖啡,cafe,24.9831635,121.5411175
469812996,475,西堤,restaurant,25.0420496,121.5132871
7216987771,437,幹嘛西班牙酒館,restaurant,25.0560221,121.5107766
6037206729,514,微光咖啡,cafe,25.0233710,121.5304881
2927147639,139,三媽臭臭鍋,restaurant,25.1723297,121.4454508
4031296836,439,大摩尼,restaurant,25.0509361,121.5335289
3440708520,554,美而美早餐,fast_food,25.0033376,121.4967329
2316045629,650,八方雲集,restaurant,24.9879921,121.5743918
4520207470,732,可口小火鍋,restaurant,24.9614493,121.5099658
7211425528,374,無名麵店,restaurant,25.0813560,121.6961133
3835323345,650,能量屋營養早餐,restaurant,24.9827403,121.5645606
5495177623,325,松品臭豆腐,restaurant,25.0912132,121.5255691
1994809482,552,全家便利商店,cafe,25.0091300,121.4674484
3811445894,649,EncoreHouse,restaurant,24.9839310,121.5516723
6255602888,438,川渝小吃坊,restaurant,25.0520308,121.5196254
7135853054,599,水源會館,restaurant,25.0014732,121.5127748
6084183550,476,I O U Cafe with love,cafe,25.0317065,121.5288949
3670374310,478,弗列斯,cafe,25.0426584,121.5543434
5556070111,439,金賢手工臭豆腐,restaurant,25.0488700,121.5420241
5109347802,514,公館現做早餐店,restaurant,25.0184903,121.5316792
3860005618,601,老永順日本料理店,restaurant,24.9990680,121.5443389
4198238525,438,水戶日本料理,restaurant,25.0505934,121.5297747
2616849080,475,熱食部,restaurant,25.0376700,121.5131967
3476696152,598,弘爺漢堡,fast_food,24.9980402,121.4984128
2456412699,439,85度C,cafe,25.0483892,121.5422412
7211425519,480,越南小吃,restaurant,25.0384882,121.5849815
4834803833,556,極匠拉麵,restaurant,25.0141054,121.5330716
5342395450,399,旅城 Voyage Bistro & Bar,restaurant,25.0680250,121.5245294
5116376200,596,雲林鵝肉海鮮城,restaurant,24.9897942,121.4720147
2717052415,552,starbucks,cafe,25.0143815,121.4640188
4524863981,477,濟州豆腐鍋之家,restaurant,25.0411206,121.5411016
7194693261,650,古早味蛋餅飯糰,restaurant,24.9882119,121.5763125
6161253535,470,桔桔涮涮鍋牛排,restaurant,25.0319990,121.4333476
3103266439,439,鑫如意傳統小吃,restaurant,25.0532017,121.5337842
5110348546,441,佳湘意麵餛飩,restaurant,25.0501270,121.5716009
3336564654,596,平價牛排,restaurant,25.0004783,121.4731980
3731275462,762,三顧茅廬麻辣滷味 三峽北大店,restaurant,24.9464679,121.3801693
5088659421,405,steam buns,restaurant,25.0684640,121.6182876
7175344644,367,蔬菜日記,restaurant,25.0721009,121.5933185
7194707013,697,光羽塩 Lytea,restaurant,24.9687820,121.5857184
6096076251,325,大素自助餐,restaurant,25.0889253,121.5186420
7170215782,442,船軒鄉村煙燻滷味,restaurant,25.0476365,121.5782932
4524864133,437,鮮鍋,restaurant,25.0538272,121.5160070
2313932368,366,蒂司葡廊coffee,restaurant,25.0810534,121.5921469
5450871446,388,五味正港羊肉爐,restaurant,25.0601685,121.3620432
3343597310,472,阿官火鍋專家,restaurant,25.0297135,121.4728697
7194706902,650,政大赤肉羹滷肉飯,restaurant,24.9881763,121.5763813
6170105862,687,天然素食自助餐,restaurant,24.9643493,121.4376529
4820442546,471,瑞豐蔬菜羊肉,restaurant,25.0410106,121.4526641
6180411977,599,雪腐,restaurant,25.0007638,121.5147026
3881540612,437,源士林,restaurant,25.0448366,121.5160270
7175344754,513,美而美早餐店,restaurant,25.0271611,121.5110131
3811140813,557,龐德羅沙,restaurant,25.0132368,121.5364867
2460008855,734,新店老街牛肉麵,restaurant,24.9556372,121.5372531
2928687901,139,義巧冰城,restaurant,25.1702875,121.4469199
5250526523,325,胡椒餅,restaurant,25.0892584,121.5250899
2460009740,476,大安森林食堂,restaurant,25.0343976,121.5330320
4314508128,593,樹旅咖啡,cafe,24.9915564,121.4216517
4298928161,478,北平度一盧,restaurant,25.0372436,121.5611289
7111226204,329,Tierra Casa Restaurant,restaurant,25.0867391,121.5885708
4754476219,437,金軒排骨,restaurant,25.0430898,121.5077259
6156191692,478,A0 Cafe,cafe,25.0334825,121.5588270
2926975707,138,滬尾小吃,restaurant,25.1706603,121.4434231
7194693242,697,貓空大觀園,restaurant,24.9671609,121.5872012
3322781409,593,脆皮臭豆腐,restaurant,24.9907982,121.4258705
7368631810,397,里約歐義廚房,restaurant,25.0623494,121.4976811
2181061782,138,三姐妹阿給,restaurant,25.1735770,121.4376371
7138715787,213,高家傳統米食,restaurant,25.1332985,121.5019894
3889227326,399,曼特林咖啡館,cafe,25.0607499,121.5209654
4524863885,401,小上海,restaurant,25.0578229,121.5519235
7211425796,404,八方雲集,restaurant,25.0570100,121.6054917
2230015811,514,台大牛莊,restaurant,25.0160504,121.5320875
6289234385,479,PAUL保羅麵包烘培餐廳,restaurant,25.0368869,121.5668105
5110490254,437,萬國酸菜麵,restaurant,25.0454879,121.5071641
5608538933,363,幸福咖啡實踐二店,cafe,25.0824451,121.5461149
3473061993,552,街角二彌,restaurant,25.0072899,121.4596715
5699706934,555,凱迪義大利麵,restaurant,25.0149444,121.5153953
6124580387,321,豪大大雞排,fast_food,25.0859577,121.4738688
7194706798,361,吉野家,restaurant,25.0717120,121.5140041
2171345903,366,布咯漢堡,restaurant,25.0767419,121.5853193
3449986770,554,西貢越南餐館,restaurant,25.0025007,121.4964134
4838087688,437,Mago料理魔術美學,restaurant,25.0488444,121.5185295
4458951289,475,中原福州乾麵,restaurant,25.0374355,121.5081882
6029515630,552,麥當勞,fast_food,25.0078913,121.4610753
7211425651,373,呷堡堡早餐店,restaurant,25.0822020,121.6950675
3688113979,762,魔法義大利,restaurant,24.9439411,121.3740039
2310547861,437,摩斯漢堡,fast_food,25.0453906,121.5087922
3924752774,475,德增豆漿店,restaurant,25.0349169,121.5076816
3450014412,598,巨鼎鍋貼,restaurant,25.0003974,121.5012551
2460009792,476,摩斯漢堡,fast_food,25.0345041,121.5330313
3846132952,438,街角複合式餐坊,restaurant,25.0510273,121.5315755
7365964041,397,正義豆漿店,restaurant,25.0651900,121.4968589
7211419071,480,銘圓美食會館,restaurant,25.0392194,121.5877599
4524318923,601,皇室吉利堡,restaurant,25.0004684,121.5391087
7175344576,367,學生餐廳,restaurant,25.0722505,121.5952132
7153752245,439,好日食堂,restaurant,25.0435821,121.5377542
3612895993,478,韓江烤肉,restaurant,25.0401497,121.5572662
5739420401,555,星巴克,cafe,25.0132745,121.5151969
4043621273,513,新來來川菜館,restaurant,25.0255194,121.5041575
4109223089,639,山佳麵食坊,restaurant,24.9757719,121.4020062
5579575924,325,黑豆咖啡,cafe,25.0940817,121.5278530
3671250856,553,岩磨坊,restaurant,25.0140128,121.4788587
2625639707,692,四海遊龍鍋貼專賣店,restaurant,24.9638043,121.5147796
4325606023,397,必勝客,fast_food,25.0687069,121.4961617
3704049689,478,洋陽自助餐,restaurant,25.0336017,121.5570170
4325693921,438,楊記Pasta,restaurant,25.0434311,121.5312772
7211419038,442,雞肉飯，甜不辣,restaurant,25.0464627,121.5880867
7211425616,443,南港傳統大腸圈,restaurant,25.0555507,121.6060613
5248714736,552,向日葵食堂,fast_food,25.0116323,121.4661517
7138715824,216,豆漿店,restaurant,25.1376055,121.5466805
3785970595,511,源士林粥品,restaurant,25.0186504,121.4790673
6973902500,440,皇阿媽四川家庭料理,restaurant,25.0432650,121.5553093
6844753095,437,快樂美式餐廳,restaurant,25.0453038,121.5047429
4524318987,601,日欣簡餐,restaurant,24.9987714,121.5407354
3232513035,368,歐圖廚房,restaurant,25.0701738,121.6089180
3104846448,694,麥味登,restaurant,24.9623153,121.5371352
7211425597,480,紅心甜品,restaurant,25.0380698,121.5794835
1686585411,557,諦純素主義空間,restaurant,25.0073522,121.5373951
4524863730,400,麻膳堂,restaurant,25.0598372,121.5439032
2756550041,407,星巴克,cafe,25.0608366,121.6481582
4198238552,438,粵式豬肚堡鍋,restaurant,25.0506900,121.5299026
2910295401,440,寶食堂,restaurant,25.0523240,121.5537210
2908939925,139,蔡家餃子館,restaurant,25.1691875,121.4478887
2643730302,353,池上木盒便當,restaurant,25.0814329,121.3887019
7187339237,598,豆BAR 咖啡,cafe,24.9960631,121.5030116
6180749169,602,無名早餐店,restaurant,25.0000613,121.5558630
2306311443,601,福利餐廳,restaurant,25.0013771,121.5426997
4837986553,478,巧緣滷肉飯,restaurant,25.0296133,121.5561298
7211425623,480,拉亞漢堡,restaurant,25.0396900,121.5913939
5109350525,514,大盛豬排專門店,restaurant,25.0192786,121.5332192
3716532368,352,八方雲集,restaurant,25.0784739,121.3732784
6527887288,642,鬍鬚張,restaurant,24.9849877,121.4531481
4307626648,476,銀翼餐廳,restaurant,25.0333056,121.5269320
3571811416,475,古拉爵,restaurant,25.0378349,121.5061123
2923721936,516,界轉摺人文會所,restaurant,25.0160589,121.5508685
4563712894,330,A爸咖啡,cafe,25.0881565,121.5992161
3835345487,650,永旺水餃,restaurant,24.9839018,121.5662399
5926349285,479,il Mercato,restaurant,25.0341671,121.5643110
2820702072,762,山東餃子館,restaurant,24.9362791,121.3751925
2949195373,167,草山餐廳,restaurant,25.1524887,121.5472519
3034395534,138,小布鋇鋇,restaurant,25.1741851,121.4337996
3914415977,555,官記泰式涼拌木瓜,restaurant,25.0093053,121.5106014
7175334774,192,運鈍根湯,restaurant,25.1398610,121.5707415
2876193155,437,洪師父麵食棧,restaurant,25.0460907,121.5134831
7194693245,444,日月潭紅茶 肉蛋吐司,restaurant,25.0467280,121.6155607
2378064604,648,麥當勞,fast_food,24.9752734,121.5358590
3887825439,478,摩斯漢堡,fast_food,25.0329335,121.5547561
5188218421,325,不一樣的臭豆腐,restaurant,25.0898390,121.5230040
7194706694,364,川田涮涮鍋,restaurant,25.0796641,121.5586229
4198238518,438,我家廚房,restaurant,25.0506504,121.5302013
2178510646,516,金鑽料理盒餐總店,restaurant,25.0260113,121.5547184
7170215748,443,大尾雞排,restaurant,25.0540035,121.5924199
7014033279,398,大橋頭延三夜市蒸餃,fast_food,25.0643684,121.5111601
4147454251,642,八方雲集,restaurant,24.9822419,121.4495886
6924533490,437,馬來亞餐廳,restaurant,25.0521100,121.5097072
7175344732,513,老傢俬房,restaurant,25.0249019,121.5124948
4538270115,694,鵝肉專業料理,restaurant,24.9618133,121.5393467
2772751587,648,十里安手麵,restaurant,24.9830879,121.5384123
3716500120,352,火鍋世家,restaurant,25.0804408,121.3829957
6132809106,439,醉翁漁港海鮮,restaurant,25.0480908,121.5447403
6435865869,440,Pho88越南河粉,restaurant,25.0462296,121.5507817
2772749311,648,越南小吃,restaurant,24.9841085,121.5409331
2900223601,440,527,restaurant,25.0531790,121.5550730
7194706835,557,柚子小廚房,restaurant,25.0054154,121.5357949
5515959717,437,咖哩咖哩,restaurant,25.0480616,121.5165096
4620003989,762,聯華港式燒臘,restaurant,24.9434900,121.3766213
2924915549,599,八方雲集,restaurant,24.9965103,121.5039222
4520207469,732,廣東粥,restaurant,24.9613955,121.5098926
7175344616,512,巧沛東方美,restaurant,25.0193008,121.4992850
3528428393,439,陶板屋,restaurant,25.0517004,121.5351141
5108706600,694,池上木片便當,restaurant,24.9727671,121.5431353
3757986701,249,宋江餡餅粥,restaurant,25.1186924,121.5259332
3812406078,601,暖早餐,restaurant,24.9953153,121.5462798
7213811085,479,兩班家,restaurant,25.0370208,121.5666926
7175334743,513,皇室吉利堡早餐店,restaurant,25.0260381,121.5058386
4312356832,367,斗六嘴大王魷魚羹,restaurant,25.0797046,121.5932691
7175344636,211,紀家葱抓餅,restaurant,25.1255002,121.4658403
3727627127,439,葉記滷味,restaurant,25.0537024,121.5335742
5515959702,437,池記,restaurant,25.0472470,121.5169917
2628972332,602,三商巧福,restaurant,25.0003593,121.5560193
4820442563,471,溪邊烤肉飯,restaurant,25.0399679,121.4523413
3884736560,406,KFC,fast_food,25.0663004,121.6308580
4315304909,552,零時差,restaurant,25.0073337,121.4605054
5569304675,442,鍋太炫,restaurant,25.0451959,121.5802816
2870412112,439,松宴日式創意輕食,restaurant,25.0462893,121.5388955
6805098956,444,S&D,cafe,25.0551366,121.6072113
2536486304,510,肯德基 板橋新埔店,fast_food,25.0228862,121.4674263
3707479475,437,飯饌,restaurant,25.0457823,121.5169084
5038904563,439,勝博殿,restaurant,25.0517462,121.5359209
6418799560,555,OvenCoffee,restaurant,25.0127830,121.5105938
3216077747,476,眉公河畔東南亞餐廳,restaurant,25.0316963,121.5285951
3729190717,138,花枝燒,fast_food,25.1686114,121.4436622
3887825432,400,chilis美式休閒餐廳,restaurant,25.0574062,121.5468658
5110269761,439,深庭義式餐廳,restaurant,25.0483083,121.5344324
6180428000,371,阿卡拉,fast_food,25.0712570,121.6538072
7153752253,439,阿嬤麵攤,restaurant,25.0440110,121.5347850
2298300447,734,肉粽,restaurant,24.9568678,121.5374628
3835342097,649,韓首爾,restaurant,24.9819562,121.5615490
3233925505,552,六必居潮鍋,restaurant,25.0121156,121.4665248
4436151968,360,肉多多火鍋,restaurant,25.0707894,121.4948337
5297337042,479,海底撈,restaurant,25.0352480,121.5660542
7194706941,364,美又美早餐店,restaurant,25.0796376,121.5576680
5999672233,325,士林鄭串燒臭豆腐,restaurant,25.0866370,121.5247903
7194706821,650,口福豆漿店,restaurant,24.9882610,121.5760860
4397679795,438,二條通．綠島小夜曲,cafe,25.0487875,121.5216857
2462837884,601,星巴克,cafe,24.9925758,121.5443380
4834782544,648,框框美食餐廳,restaurant,24.9806517,121.5420469
5110348756,516,一六八,restaurant,25.0202212,121.5564897
4837986592,439,義饌牛排義大利麵,restaurant,25.0535337,121.5352993
5236372722,287,第一家鹽酥雞,fast_food,25.1084698,121.5284063
6261510899,476,Coffee Sind,cafe,25.0410893,121.5321000
4824570521,514,Matcha One,restaurant,25.0289371,121.5303718
3208558491,600,台灣第一味,cafe,25.0019648,121.5224236
7004248031,364,天然素材富士鐵板燒,restaurant,25.0830513,121.5567653
4051880125,401,Pizza Hut,restaurant,25.0583917,121.5616904
5110245076,476,湛廬咖啡,cafe,25.0345634,121.5332251
5839638858,515,Boom Coffee Roasters,cafe,25.0228036,121.5476046
2928818165,138,淡水壽司屋,restaurant,25.1683857,121.4440987
5002732822,365,廚子市場,restaurant,25.0810645,121.5664369
2901327906,437,鄭記豬腳肉飯,restaurant,25.0468795,121.5108865
4677772997,325,愛上咖啡館,cafe,25.0938667,121.5263472
7037337590,476,富富の正,restaurant,25.0352119,121.5270754
4978451935,477,MOS Burger 摩斯漢堡,fast_food,25.0381975,121.5464048
4045352274,553,生猛活海鮮,restaurant,25.0044016,121.4878880
4531455524,648,方圓涮涮屋,restaurant,24.9827841,121.5369391
4118443950,437,スシロー,restaurant,25.0458883,121.5146833
2604098124,439,一龍園廣東燒腊,restaurant,25.0475845,121.5402663
7175344777,192,山藥雞麵線,restaurant,25.1395293,121.5715250
6873696183,438,不二家和風平價餐坊,restaurant,25.0523033,121.5199202
3881536254,437,八方雲集,restaurant,25.0444380,121.5161442
4423091662,397,元鶴鐵板燒,restaurant,25.0679405,121.4960418
5950324363,408,爭鮮,restaurant,25.0622340,121.6541964
5585775161,480,八田帝王蟹鍋物,restaurant,25.0415922,121.5788186
5108706558,694,瑞麟美而美,restaurant,24.9732540,121.5430867
2601117061,476,貳樓餐廳,restaurant,25.0379716,121.5323394
4314508106,593,SOHO義式餐廳,restaurant,24.9925484,121.4221864
4412637812,475,阿嬤麵店,restaurant,25.0303969,121.5168262
5551931023,514,品客經典咖啡,cafe,25.0234944,121.5292223
5569304656,442,莎莎堡早餐吧,restaurant,25.0452445,121.5785875
5164852235,437,佛航素食小吃部,restaurant,25.0509578,121.5163797
2473232913,515,忠誠山東蔥油餅,restaurant,25.0229426,121.5426283
4392903891,222,食養山房,restaurant,25.1277999,121.6255161
6207788271,649,161牛肉麵,restaurant,24.9876868,121.5506687
3002677233,138,日船章魚燒,fast_food,25.1694119,121.4424182
5845316856,515,土托魚羹,fast_food,25.0248952,121.5462311
2400020621,367,雙聖餐廳,restaurant,25.0728475,121.6059712
7211425628,480,青年海產店,restaurant,25.0393399,121.5792958
4384257962,441,Voodoo Doughnut,cafe,25.0435221,121.5629098
2625503739,363,晴光豆花,restaurant,25.0797359,121.5466548
3670374288,478,#Lattice 列日鬆餅,cafe,25.0419477,121.5555685
4370609442,441,VOEZ Café,cafe,25.0478847,121.5664716
7175344489,476,CopokaPIZZA 家庭式手工窯烤披薩,restaurant,25.0312673,121.5273101
5529979622,479,八方雲集,restaurant,25.0403917,121.5718344
2614652045,366,神牛本格派‧炭火日式燒肉 (內湖店),restaurant,25.0788382,121.5887779
7037337606,437,Movenpick Cafe,cafe,25.0466681,121.5171211
5404836123,139,真的好蚵仔麵線,restaurant,25.1696201,121.4481349
4257330226,471,紅豆媽媽,restaurant,25.0404715,121.4554222
5938824203,762,維羅納義大利麵,restaurant,24.9432241,121.3744010
6884086962,444,lógos coffee,cafe,25.0549556,121.6164060
2923759173,514,素德蔬食,restaurant,25.0198512,121.5316755
3744245315,248,肯德基,fast_food,25.1149850,121.5156019
3034266163,138,托斯卡尼尼,restaurant,25.1739596,121.4340755
3105610882,477,好米亞,restaurant,25.0388440,121.5479529
3421170356,517,肯德雞,fast_food,25.0278649,121.5638296
4848960024,399,Cama,cafe,25.0577995,121.5232099
3743078430,515,路易莎,cafe,25.0286465,121.5394970
7175344691,512,火雞肉飯便當店,restaurant,25.0190894,121.4991098
4427199346,360,亞米小鎮歐義料理,restaurant,25.0714823,121.4940786
7170215788,366,阿姑越南美食館,restaurant,25.0820206,121.5910231
939201322,406,銘記越南美食,restaurant,25.0697207,121.6350755
3689721225,477,雲之泰雲南泰國料理,restaurant,25.0407885,121.5333640
4384258993,648,小頭目熱炒鵝肉燒烤海鮮,restaurant,24.9827389,121.5382078
4464406489,648,豆花朴,restaurant,24.9767182,121.5403719
7175334739,512,F.f Teppanyaki,restaurant,25.0200991,121.4967903
6490014586,439,VWI BY CHADWANG,cafe,25.0459532,121.5436585
2463582450,439,宴上海,restaurant,25.0485758,121.5363734
4082319373,400,嗨森好食,restaurant,25.0596197,121.5341263
3881536253,437,洋庭芳義大利麵,restaurant,25.0444945,121.5161452
6827704831,477,禾丰烤炭火燒肉,restaurant,25.0413236,121.5451600
4524864560,477,夠夠肉火鍋,restaurant,25.0343510,121.5460953
5110489243,438,甘榜馳明海南雞飯,restaurant,25.0514033,121.5211797
7037337595,476,東門城滷肉飯,restaurant,25.0345366,121.5268070
868325308,405,Miss Croissant,fast_food,25.0571074,121.6164911
4033147901,694,必勝客,restaurant,24.9690040,121.5417245
4018211291,439,Hooters,restaurant,25.0532673,121.5454686
7277460626,438,外婆家排骨菜飯,restaurant,25.0434789,121.5313686
7215604008,507,兩披索,restaurant,25.0260369,121.4254809
3464721420,599,鮮客樂牛排屋,restaurant,24.9967860,121.5039001
7211425671,480,阿幸鮮打果汁,restaurant,25.0377402,121.5775863
2061784661,734,肯德基,fast_food,24.9591207,121.5381512
4449080341,438,浪浪別哭,cafe,25.0456500,121.5245166
7211425819,442,K.Lab甜點實驗室,restaurant,25.0482413,121.5894015
7021213583,399,霸味薑母鴨,restaurant,25.0590517,121.5301381
4058075207,479,Artista Perfetto,cafe,25.0422939,121.5634254
5815865467,476,十杯茶飲,cafe,25.0325836,121.5295709
4754476218,400,滿堂紅頂級麻辣鴛鴦火鍋,restaurant,25.0565643,121.5333222
7175344750,368,東湖小么雞,restaurant,25.0726218,121.6186395
2473958380,511,breakfast,restaurant,25.0273400,121.4790292
4062833289,138,GINO基諾,cafe,25.1687294,121.4435497
6778495963,514,喜KOHEE,restaurant,25.0200425,121.5284845
4335016699,475,新福牛肉大王,restaurant,25.0426160,121.5139648
2782015673,437,廣東粥飯糰霸,restaurant,25.0453999,121.5171050
7365923878,397,紅燈籠熱炒,restaurant,25.0671186,121.4982610
4530240189,643,喫飽,restaurant,24.9874612,121.4633257
7021849195,516,茗荷和食,restaurant,25.0255560,121.5483516
4837986558,516,田樂黑咖哩,restaurant,25.0293270,121.5563040
5515959713,437,點心世界,restaurant,25.0479691,121.5174523
5110490245,437,程味珍意麵,restaurant,25.0463708,121.5070471
3682801677,472,怡客咖啡,cafe,25.0297674,121.4718456
7211425784,374,大呼過癮,restaurant,25.0816869,121.6971825
3880771184,437,So Free Wood Fired Pizza,restaurant,25.0443534,121.5060703
4325693934,606,深坑三合院,restaurant,25.0010868,121.6129621
7194706753,557,師大分部臭豆腐,restaurant,25.0076048,121.5341399
5551891023,514,加里曼丹娘惹美食,restaurant,25.0231888,121.5249069
6763209784,478,饌味香,restaurant,25.0399820,121.5527156
5109347761,514,大腸麵線,restaurant,25.0250930,121.5293686
2148939122,364,明水三井二館,restaurant,25.0818256,121.5524546
3835342086,649,葡萄樹,restaurant,24.9847961,121.5616622
6418121443,399,Lucky Foot,cafe,25.0631346,121.5119924
4571256561,139,試嚐知餐坊,restaurant,25.1775174,121.4510379
5110488986,602,新永和豆漿,restaurant,24.9985871,121.5585426
7018825685,439,博多拉麵,restaurant,25.0447596,121.5475958
7175344515,512,友谷涮涮鍋,restaurant,25.0203125,121.4976690
6222359586,516,法式修頌,cafe,25.0279315,121.5481488
4328118415,648,加州餐廳,restaurant,24.9758374,121.5462613
4058518157,601,谷家四神湯,restaurant,24.9987800,121.5445903
7211425705,403,好食府 HouseFood,restaurant,25.0677196,121.5863684
5395150194,476,大愛素食館,restaurant,25.0415698,121.5265196
4301001262,439,愛玉坊,cafe,25.0440521,121.5461287
3098193270,439,66巷創意鮮魚料理,restaurant,25.0526168,121.5342376
7175344503,442,大眾鹽酥雞,restaurant,25.0467414,121.5779972
2973921933,138,海灣咖啡,cafe,25.1738972,121.4340766
4459970427,648,九湯屋,restaurant,24.9799803,121.5405760
2716999993,552,義式屋古拉爵,restaurant,25.0143117,121.4672587
3019724712,444,沙拉船Bar,restaurant,25.0529257,121.6154291
3837459791,640,早點,restaurant,24.9786611,121.4199337
5593467622,325,官邸水產日本料理,restaurant,25.0967433,121.5279418
7028718058,471,素心坊,restaurant,25.0336849,121.4466666
7175344495,476,政江號傳統小吃店,restaurant,25.0306406,121.5268255
3439427201,554,麥香早餐店,fast_food,25.0024414,121.4958647
7184923043,437,青島飯糰,restaurant,25.0450412,121.5176310
7175344605,480,魚饌日式鮮料理,restaurant,25.0403802,121.5776316
2909082047,138,繼光香香雞,fast_food,25.1681622,121.4440689
5839625486,475,大树下餐店,restaurant,25.0294554,121.5091703
2755478347,476,海南雞飯,restaurant,25.0396966,121.5222899
2260120592,399,義式烘焙房,restaurant,25.0628112,121.5289329
4406802672,646,越南美食,restaurant,24.9820296,121.5068222
2180954216,138,百葉溫州大餛飩,restaurant,25.1711647,121.4386242
3473216793,439,清水壽司,restaurant,25.0528163,121.5357853
2926239925,437,八方雲集,restaurant,25.0458101,121.5054842
5134789932,388,麥味登 龜山知足店,restaurant,25.0595895,121.3638233
6418121438,514,手作館,cafe,25.0244078,121.5246948
5608538932,363,若鄰紅茶,restaurant,25.0824156,121.5462928
4524863886,401,小當家海鮮鍋物,restaurant,25.0575655,121.5516682
5219050824,249,SUBWAY,fast_food,25.1140899,121.5274259
3924745259,475,八方雲集 延平南店,restaurant,25.0341678,121.5073294
7175344591,405,幸福食光,restaurant,25.0697595,121.6178102
4344543600,438,野江戶前脂,restaurant,25.0510838,121.5282763
6140337454,514,Henry&cary,cafe,25.0195090,121.5308945
2529516361,648,永春燒臘快餐,restaurant,24.9870528,121.5474306
4007690408,514,Imperfect Cafe,cafe,25.0172915,121.5331399
2222594677,516,PEG coffee,cafe,25.0232352,121.5546557
3347627748,640,巧沛東方美早餐店,restaurant,24.9809492,121.4189971
3188328160,650,美味兒,restaurant,24.9887669,121.5675230
4669666406,516,陸角Omurice,restaurant,25.0218898,121.5543932
6024333533,398,同安樂,restaurant,25.0600341,121.5093137
3408986093,694,光明街嘉義雞肉飯,restaurant,24.9618616,121.5394757
2154313128,365,溫德,restaurant,25.0800799,121.5688663
4243661189,476,Hui Liu Tea & Tea Arts,cafe,25.0321595,121.5300192
4820634509,561,東南哨子麵,restaurant,25.0040076,121.6039493
6854553185,440,麵屋牛一雞骨牛肉麵,restaurant,25.0437826,121.5492770
2523933233,330,Burger King,fast_food,25.0848210,121.6004270
5332524926,437,金仙魚丸店,restaurant,25.0543772,121.5105328
2407130770,478,小歇,restaurant,25.0308745,121.5603360
7211425516,442,越南健康素食,restaurant,25.0453713,121.5861341
5236318026,287,川記大餛飩,restaurant,25.1080561,121.5282123
3834502671,482,滷肉飯,restaurant,25.0419300,121.6176158
4620336496,248,山東姥姥,restaurant,25.1139090,121.5110994
3522835293,557,徐記餃子館,restaurant,25.0038497,121.5383922
5564549104,455,鐵道美食,restaurant,25.0429776,121.7767784
3624477033,511,星巴克,cafe,25.0181255,121.4793253
7175334754,442,膳芯園,restaurant,25.0456637,121.5780327
3417501606,598,義麵寶寶義大利麵館,restaurant,24.9943969,121.4961664
7169581007,440,歐姆列滋,restaurant,25.0513579,121.5497082
3769904737,479,1868,cafe,25.0417561,121.5673141
3706008156,478,繁盛,restaurant,25.0316189,121.5533994
4149564880,556,龍延居雞膳食堂,restaurant,25.0153068,121.5325215
4314508109,593,美食煮義,restaurant,24.9915867,121.4221050
7175334768,442,武大郎胡椒餅,restaurant,25.0508762,121.5776504
7175344571,476,Muko Brunch,restaurant,25.0305869,121.5271589
4325693414,601,美鳳早餐,restaurant,25.0000165,121.5399709
2473232960,515,親來食堂,restaurant,25.0222439,121.5421075
5256908025,249,貪飯 平價創意,restaurant,25.1109320,121.5292149
5242177824,325,我家牛排,restaurant,25.0916461,121.5255885
5302608138,475,趙記菜肉餛飩大王,restaurant,25.0418812,121.5105699
3155419154,433,Jenny's shop,restaurant,25.0453205,121.4499156
4352044389,365,在山野對話Whisperland Cafe,cafe,25.0779686,121.5773942
7368962868,397,三重老牌甜不辣專賣店,restaurant,25.0650424,121.4980052
6762309559,478,心泰,restaurant,25.0300136,121.5504795
6530588386,642,錢都日式涮涮鍋,restaurant,24.9862728,121.4534390
5242619221,249,瘋格格,restaurant,25.1126194,121.5290838
4720728912,734,早餐店,restaurant,24.9597212,121.5372077
2806281108,366,肉圓,restaurant,25.0812531,121.5912375
2948790710,441,法豆鮮焙咖啡,cafe,25.0511516,121.5649679
3337458094,639,永和豆漿大王,restaurant,24.9820761,121.4151398
5110489743,399,澳氏咖啡,cafe,25.0609681,121.5241833
4142127606,438,龍都酒樓,restaurant,25.0503630,121.5244738
2669558724,651,滇味廚房,restaurant,24.9873904,121.5776669
4311433975,366,香烤王,restaurant,25.0802291,121.5922565
3707814899,762,花time廚房,restaurant,24.9452129,121.3778279
2430685125,599,吉野家 永和店,restaurant,24.9962290,121.5148733
4056310602,516,Ephernité,restaurant,25.0251019,121.5504146
3428069018,513,摩斯漢堡,fast_food,25.0256419,121.5046170
4031296806,438,Swing Cafe,cafe,25.0490505,121.5332018
3188305865,650,阿葉米粉湯,restaurant,24.9881494,121.5680015
7194706987,482,宵夜控肉飯,restaurant,25.0419509,121.6176935
6919810818,434,貴族世家牛排,restaurant,25.0513471,121.4662492
2918859893,475,品田牧場,restaurant,25.0378698,121.5061101
5063154721,249,森丘,cafe,25.1148593,121.5278247
5189801223,249,天母尚井,restaurant,25.1195345,121.5273707
4120112798,139,義式義式麵坊,restaurant,25.1768811,121.4517183
2804200287,512,我家廚坊,restaurant,25.0219707,121.5014114
7194706834,444,協力雞排,restaurant,25.0451752,121.6175925
3837459805,640,金食堂便當,restaurant,24.9780071,121.4183874
4524863880,438,馬辣,restaurant,25.0525048,121.5201235
3037008407,214,水舍銀光,restaurant,25.1359231,121.5155212
3941344157,697,清泉山莊,restaurant,24.9668173,121.5915796
4200643977,601,蚵仔之家,restaurant,24.9959295,121.5448259
5236353921,287,真好吃串烤,restaurant,25.1084440,121.5282636
5110489244,438,霸控肉飯,restaurant,25.0515107,121.5212148
6899388189,480,家裡共享時光,cafe,25.0415805,121.5874669
5219050924,249,MaYa pizza,fast_food,25.1143291,121.5275395
2609549900,557,三媽臭臭鍋,restaurant,25.0121369,121.5354393
3835345474,650,85度C,restaurant,24.9835604,121.5674339
5515959718,437,萬年排骨,restaurant,25.0476138,121.5165029
4686192331,438,城嚴選,restaurant,25.0536434,121.5211292
2918792176,475,燒肉教室,restaurant,25.0427927,121.5052810
4483333693,325,士林十全排骨,restaurant,25.0881195,121.5239299
2089915610,439,土三寒六讚歧烏龍麵,restaurant,25.0430078,121.5431079
3731621025,601,心晴早餐屋,restaurant,24.9973702,121.5477669
3680387891,287,老街切仔麵,restaurant,25.1041279,121.5219995
3044964133,211,紫星次元,restaurant,25.1361576,121.4619154
6522592536,248,福園小館,restaurant,25.1152447,121.5101725
2772749136,648,道恩素食坊,restaurant,24.9837688,121.5410033
2912343601,139,梅江銅盤烤肉,restaurant,25.1677882,121.4475127
3560986524,639,欣美早餐店,restaurant,24.9827614,121.4124358
2142460181,365,炭為觀止,restaurant,25.0826952,121.5679443
5201896826,325,歐品香廚,restaurant,25.0944326,121.5260656
6389111650,324,八方雲集,restaurant,25.0893039,121.5077257
3179289840,515,霞飛驛,restaurant,25.0200027,121.5333729
2338822734,399,水餃店,restaurant,25.0602595,121.5303965
7027252386,642,永和豆漿,restaurant,24.9868846,121.4544252
5110491043,399,黃記滷肉飯,restaurant,25.0636172,121.5241606
6116228264,287,Cama 現烘咖啡,cafe,25.1026390,121.5228625
2399354876,601,吉野家,restaurant,24.9908907,121.5412979
2653879921,476,樂麵屋,restaurant,25.0319888,121.5294333
2678614416,640,炒翻天,restaurant,24.9847740,121.4283440
4347522051,507,MOS Burger 摩斯漢堡,fast_food,25.0199268,121.4213478
2526221656,649,"聯記麻辣燙,滷味,回收電腦螢幕",restaurant,24.9878840,121.5518113
6471488985,365,香港喜園燒臘,restaurant,25.0826859,121.5656179
6376062391,479,永心鳳茶,restaurant,25.0405603,121.5670091
4837986389,438,音樂火箭餐廳,restaurant,25.0464855,121.5326681
7194706882,697,貓空龍門客棧,restaurant,24.9672113,121.5868743
6720844019,512,Chi Burger,fast_food,25.0251811,121.4946787
6763209772,478,大姆鍋,restaurant,25.0393720,121.5531743
3430332187,554,新佳鄉早餐,fast_food,25.0025281,121.4969544
6024288447,510,胖老爹,restaurant,25.0221326,121.4653860
6024309730,510,拉麵店,restaurant,25.0225583,121.4654156
6703646973,515,麒雲餐廳,restaurant,25.0252266,121.5426533
5628685077,514,Apple Museum Cafe,cafe,25.0192027,121.5321887
7093253847,437,安實鮮廚,restaurant,25.0460693,121.5087864
6028755547,593,宜蘭肉羹,restaurant,24.9933898,121.4274100
4439833534,388,林口正饡素食,restaurant,25.0588233,121.3665815
3885482857,216,草山夜未眠,restaurant,25.1341561,121.5357346
7211425530,443,湯姆漢堡,restaurant,25.0556367,121.6065445
6763209782,478,青春素麵線,restaurant,25.0399795,121.5525869
2926975705,138,喜相逢,restaurant,25.1705328,121.4438468
3323095419,734,光明鮮水餃汕頭意麵,restaurant,24.9597505,121.5385332
3835345493,649,滷大鼎,restaurant,24.9827900,121.5624367
7194706880,366,呷鬥陣便當專賣店,restaurant,25.0787964,121.5883115
7194706704,167,陽明山悠閒居,restaurant,25.1603520,121.5369969
3440914196,598,源士林粥品,restaurant,25.0013787,121.5001759
7194706893,361,大龍胡椒餅蔥燒餅,restaurant,25.0719166,121.5160159
4269582562,439,漢弩山韓式料理,restaurant,25.0483927,121.5424642
7175344796,367,采豐中式料理,restaurant,25.0724206,121.5940911
3767530310,648,甘那青水產,restaurant,24.9887252,121.5409551
3027219943,476,好公道的店,restaurant,25.0306475,121.5294528
6161253547,470,五路鍋聖,restaurant,25.0314253,121.4338480
3270665677,438,小器食堂,restaurant,25.0541312,121.5193907
2174600540,439,鮮五丼,restaurant,25.0521310,121.5399425
7194706979,327,la FESTA,restaurant,25.0842861,121.5589763
7296140485,437,施福建好吃雞肉,restaurant,25.0467664,121.5040276
7211425504,480,媽媽早餐吧,restaurant,25.0356291,121.5787193
7170215711,398,灶頂,restaurant,25.0638539,121.5112789
3688048463,602,Jah Cafe,cafe,24.9893004,121.5493362
2094938655,476,coco 都可茶飲,cafe,25.0343658,121.5271422
6433456339,437,黑美人小茶棧,cafe,25.0540253,121.5119675
4727092984,514,舒果新米蘭蔬食,restaurant,25.0262752,121.5232823
2392237995,400,學院麵館,restaurant,25.0619092,121.5346713
4302088070,408,八方雲集,restaurant,25.0636703,121.6552369
6499848167,398,DaMa kitchen,fast_food,25.0574219,121.5106536
1884910191,482,錢都涮涮鍋,restaurant,25.0416385,121.6214132
4701164344,368,六美自助餐,restaurant,25.0720383,121.6090342
4164587889,438,哲麺,restaurant,25.0515491,121.5254412
2518367456,439,溫州大餛飩,restaurant,25.0483940,121.5408881
3008123233,139,佳園港式燒臘,restaurant,25.1770952,121.4487022
6861032328,248,摩斯漢堡,fast_food,25.1144157,121.5137216
4800471321,365,喫茶趣,restaurant,25.0782823,121.5712977
3716532363,352,永和豆漿,restaurant,25.0826004,121.3798848
5098115721,478,河床工作室,cafe,25.0325226,121.5564969
7170215770,442,麵店,restaurant,25.0513326,121.5814112
5052921366,399,麥味登 國王店,restaurant,25.0580937,121.5235020
6430945073,556,素食自助餐,restaurant,25.0079802,121.5220039
4149564836,556,京都日式平價拉麵,restaurant,25.0155463,121.5325004
5639770112,298,大達自助餐,restaurant,25.0990365,121.7558324
2562399065,817,永安茶棧,restaurant,24.9330418,121.6461823
5839790179,515,大水缸,restaurant,25.0284901,121.5442981
5198338007,762,馨の(馨之)日本料理,restaurant,24.9445290,121.3741272
7175334783,213,志明牛肉拉麵,restaurant,25.1362816,121.4970360
3840862940,694,美美台式自助餐,restaurant,24.9750617,121.5427533
5282966021,439,Ruby café,cafe,25.0559936,121.5464599
3066691744,369,興德素食,restaurant,25.0702414,121.6300061
4492620959,593,石二鍋,restaurant,24.9971869,121.4213002
5110242805,476,小米酒咖啡館,cafe,25.0305369,121.5297336
4335032747,721,巨森早餐吧,restaurant,24.9542011,121.3557027
4524863576,439,MASTRO,cafe,25.0557996,121.5436738
4330537348,514,沙巴巴中東美食,restaurant,25.0193924,121.5318751
7017482888,475,蔣老爹麵食,restaurant,25.0402639,121.5044117
2321736233,287,湘鼎坊,restaurant,25.1016431,121.5224577
6127903995,599,Cliff's Pizza,restaurant,24.9989966,121.5131385
5406582453,138,鼎燒石頭火鍋,restaurant,25.1699381,121.4444654
6161706845,474,華麗西餐廳,restaurant,25.0414889,121.5024485
5841011985,477,One Fifteen,cafe,25.0408316,121.5459914
2680782630,601,社區早餐店,restaurant,24.9941459,121.5454320
3619170293,438,My灶,restaurant,25.0510484,121.5317118
3146899370,601,好吃的麵,restaurant,24.9994420,121.5394162
6939523060,399,健康自助餐,restaurant,25.0574314,121.5200087
3362752656,799,千葉擔仔麵,restaurant,24.9311623,121.3731232
7175344752,477,八麵玲瓏,restaurant,25.0336797,121.5387214
7211419041,403,聯華港式燒臘餐廳,restaurant,25.0676679,121.5897262
6317506251,95,牛Bar牛排鍋,restaurant,25.1981791,121.4384226
7022030524,516,史大華精緻麵館,restaurant,25.0287094,121.5506677
2669659459,640,香香牛肉麵水餃,restaurant,24.9858504,121.4292282
3981536205,365,清心福全,cafe,25.0824571,121.5669811
3336566009,596,餃子兄弟,restaurant,25.0003818,121.4733623
2678016087,640,永和豆漿大王,fast_food,24.9876554,121.4291675
2178474512,439,岡山羊肉,restaurant,25.0458892,121.5367705
7138715833,288,滷味香排骨店,restaurant,25.1101155,121.5341868
3323032697,514,八方雲集,restaurant,25.0174841,121.5327945
3714789196,479,佳美燒臘,restaurant,25.0397480,121.5718312
4336809767,436,三角三韓國烤肉-西門店,restaurant,25.0458888,121.5036158
3777737231,514,豪香熱炒,restaurant,25.0173622,121.5327186
7004220046,363,鍋饕精緻涮涮鍋,restaurant,25.0809396,121.5465076
6604982542,720,彩虹屋 早餐吧,restaurant,24.9561326,121.3405625
4820442555,471,築地,restaurant,25.0392334,121.4472990
4241242790,515,Water Moon Thé,cafe,25.0273253,121.5430496
3523782385,598,御品早餐屋,fast_food,24.9948178,121.4970781
3811445885,213,麥當勞,fast_food,25.1311109,121.4983767
4820442018,433,新莊有名地瓜球,restaurant,25.0440130,121.4526785
3600807193,601,Hot 7新鐵板料理,restaurant,24.9930685,121.5414605
7282069386,437,梁山泊小籠湯包,fast_food,25.0455536,121.5056988
6549014564,514,福園簡餐,restaurant,25.0278830,121.5225542
7037344340,211,西式餐飲部,restaurant,25.1276666,121.4698282
2086896087,482,魷魚羹,restaurant,25.0421232,121.6179461
5319685835,517,竹村居酒屋,restaurant,25.0256124,121.5693065
4298897599,437,Poshpacker Cafe,cafe,25.0450938,121.5133700
4298928191,478,Doutor Coffee Shop,cafe,25.0391993,121.5574406
4235840187,694,四海游龍,restaurant,24.9724596,121.5401696
3780638675,648,頤品大飯店新店北新館,restaurant,24.9840254,121.5399101
2825651199,325,靜心健康素食坊,restaurant,25.0946286,121.5256135
2168079076,593,必勝客披薩,fast_food,24.9907924,121.4228986
7211425678,480,阿三食堂,restaurant,25.0384690,121.5794277
2643630550,353,意麵盒子,restaurant,25.0771797,121.3930933
7095334645,477,美越牛肉河粉,restaurant,25.0427468,121.5470950
3939158263,476,秀蘭小館,restaurant,25.0330725,121.5304593
6329024696,401,豐滿早午餐,restaurant,25.0596326,121.5583342
4205229660,439,庭苑越南牛肉河粉,restaurant,25.0562467,121.5460613
4637537196,475,Nala's Mexican Food,restaurant,25.0333593,121.5180355
2462837792,601,辣 四川成都小炒,restaurant,24.9930926,121.5442287
7213007963,515,郭董麻辣牛肉麵,restaurant,25.0225021,121.5429269
5935852144,327,Bread Cafe,cafe,25.0838932,121.5493646
5564549027,444,川楓酒食館,restaurant,25.0548569,121.6152021
7194693217,650,15 cafe,restaurant,24.9861755,121.5734726
6090439065,325,道樂,restaurant,25.0881259,121.5235228
3731275521,762,楊和風日本料理 北大店,restaurant,24.9460455,121.3803099
3688113965,762,Piccolo Forno 小石窯。披薩,restaurant,24.9436921,121.3735123
5164635323,325,鍋鍋有意思,restaurant,25.0952449,121.5264045
2771771222,552,萬佳鄉,restaurant,25.0106308,121.4633474
3528427193,439,龍華港式燒臘,restaurant,25.0537976,121.5349602
4524343995,694,姑媽早餐,restaurant,24.9671834,121.5407138
3440499373,554,SUPER麵,restaurant,25.0034179,121.4964623
4524344027,648,悅喀西餐,restaurant,24.9829870,121.5346330
3842796483,602,丹堤咖啡,cafe,25.0000970,121.5564442
3044970233,185,竹圍雞腿達人,restaurant,25.1379350,121.4602719
2912374601,138,阿媽的酸梅湯,cafe,25.1694029,121.4406419
7175344784,513,健康早餐店,restaurant,25.0250959,121.5132456
4384259015,187,櫻五鐵板燒,restaurant,25.1382532,121.5023391
5325584007,438,駅前石頭火鍋,restaurant,25.0550016,121.5264072
3337457965,640,品味專業北平烤鴨,restaurant,24.9829627,121.4186713
4082740394,516,八方雲集,restaurant,25.0206644,121.5546856
7211425577,442,悅揚樓,restaurant,25.0461621,121.5867601
5845071457,515,赤崁樓,restaurant,25.0282863,121.5474178
2473232863,515,菁宏滷肉飯,restaurant,25.0219291,121.5419272
6471488995,365,李家韓國食堂,restaurant,25.0825677,121.5665088
6720844026,398,QBurger,fast_food,25.0627895,121.5132900
2977303924,555,85度C,cafe,25.0075547,121.5123870
5917357168,507,桶一天下,restaurant,25.0195627,121.4215551
7194706909,601,Doi Doi Chung,restaurant,25.0006537,121.5366381
4937873728,472,吉豚屋,fast_food,25.0429127,121.4676225
3887762052,556,頑固日式拉麵石板料理,restaurant,25.0155732,121.5326294
5775287284,601,晨興廚房,restaurant,25.0017387,121.5416304
7235632175,437,貳樓,restaurant,25.0472934,121.5167043
7175344739,368,德芳早餐店,restaurant,25.0733151,121.6194193
6433456342,437,行冊,restaurant,25.0548751,121.5117500
2302589911,367,117金湖城堡,restaurant,25.0825891,121.5963386
2296283850,438,8號極品魚翅海鮮,restaurant,25.0510992,121.5314054
7153752249,439,家鄉味,restaurant,25.0438567,121.5361007
7175344581,253,藍海藝園,restaurant,25.1223829,121.5909125
6129995999,599,素食,restaurant,24.9987674,121.5129567
5110348795,516,磐石坊印度料理,restaurant,25.0280530,121.5513100
5840880510,601,福音小館藥膳牛肉麵,restaurant,25.0008649,121.5372003
5571196677,442,香都燒臘,restaurant,25.0435393,121.5810282
7130802043,401,東昌食堂,restaurant,25.0572694,121.5552642
3008161312,139,田園義大利麵,restaurant,25.1770282,121.4518260
4783920819,361,草山食府,restaurant,25.0835415,121.5099002
2643644720,353,三顧茅廬,restaurant,25.0785179,121.3957175
3510178456,476,樂埔町Leputing,restaurant,25.0297481,121.5222817
6982059060,476,吐司公寓,restaurant,25.0426648,121.5332025
2923728376,514,泓得素食店,restaurant,25.0256891,121.5226636
2977303922,555,許願樹義式麵坊,restaurant,25.0076350,121.5123328
2410161265,516,李福記排骨滷味,restaurant,25.0276342,121.5557273
4278131684,593,丸子廚房,restaurant,24.9928228,121.4218083
4449254956,271,紅色榖倉美式餐廳,restaurant,25.1015897,121.2896582
2175739299,732,佈佬廚房,restaurant,24.9482288,121.5049356
2755629539,438,左轉有書x慕哲咖啡,cafe,25.0443843,121.5215059
6161253546,470,金廚燒臘,restaurant,25.0314531,121.4338375
7004195212,475,樂饕饕,restaurant,25.0322467,121.5163415
5108706587,648,堤亞漢堡,restaurant,24.9830658,121.5387193
3854090984,321,古早味油飯15元,restaurant,25.0880109,121.4669808
5205427527,249,全國健康素食精緻全自助餐廳,restaurant,25.1183255,121.5262858
6205148300,440,瘦虎麵屋,restaurant,25.0433756,121.5532635
3571811417,475,石二鍋,restaurant,25.0377992,121.5061140
2804200284,599,虱目魚,restaurant,24.9933408,121.5047849
3937944857,363,PaPa Pasta,restaurant,25.0820157,121.5455424
5108706556,648,裸純蔬食,restaurant,24.9792903,121.5424613
6156190862,479,八方雲集,restaurant,25.0412918,121.5665893
5005108278,467,麥味登,restaurant,25.0413120,121.3884895
7004093438,437,坂鍋達人,restaurant,25.0497421,121.5121110
6499848164,398,傻驢咖啡,cafe,25.0566915,121.5116308
2312428061,601,火鍋世家,restaurant,25.0020192,121.5385466
7095347120,477,孔陵一隻雞,restaurant,25.0408680,121.5469628
6422613968,555,Cama Café,cafe,25.0118659,121.5172603
6884086959,475,甘心咖啡,cafe,25.0366094,121.5039883
7211425702,480,安和記麻油雞快炒,restaurant,25.0387448,121.5858446
7004248046,364,太陽蕃茄拉麵,restaurant,25.0832635,121.5577875
3676289823,476,上海鄉村,restaurant,25.0408671,121.5296507
5225039560,399,肥猫漁夫海鮮丼專賣店,restaurant,25.0640074,121.5253490
3723319587,557,迷客夏綠光牧場主題飲品,cafe,25.0129936,121.5357983
3786348251,514,上賀麵食館,restaurant,25.0170746,121.5324932
4232059890,465,黑白毛海產店,restaurant,25.0541221,121.9240075
4328118420,557,台南碗磕,restaurant,25.0127473,121.5356977
4463327691,438,魚紳,restaurant,25.0483607,121.5281153
5544090027,399,蜜菓拾伍甜點店,cafe,25.0570995,121.5198917
5175120724,479,莫爾頓牛排館,restaurant,25.0407076,121.5668301
7205043302,433,摩斯漢堡,fast_food,25.0495750,121.4448726
6024282264,510,海南雞飯,restaurant,25.0206163,121.4657847
2837820264,557,壹森泰食堂,restaurant,25.0122683,121.5355879
6572841395,478,周家豆腐捲,fast_food,25.0364064,121.5601574
2076176377,341,猴洞坑生活廣場,restaurant,25.0855477,121.8280199
4147389966,596,素食炸物,restaurant,24.9989040,121.4633445
5342423541,514,領鮮廣東粥,restaurant,25.0243375,121.5218105
4301004798,439,85度C,cafe,25.0443172,121.5460584
3929888386,601,宣德碳燒羊肉,restaurant,24.9986804,121.5437814
7175344617,441,福州世祖胡椒餅,restaurant,25.0509974,121.5774695
4198249694,438,永和豆漿大王,restaurant,25.0482980,121.5322688
3944644387,477,健康廚房私房菜,restaurant,25.0402928,121.5336596
3636598301,726,山東餃子館,restaurant,24.9594047,121.4186096
3891286462,437,雲客來山西刀削麵館,restaurant,25.0471077,121.5127070
3387037614,475,金鐘香港茶餐廳,restaurant,25.0424548,121.5139488
6190476415,514,泰順街大樹下甜品攤,restaurant,25.0253519,121.5315160
5608374433,325,MAX coffee,cafe,25.0966039,121.5240862
3132739195,555,橋壽司,restaurant,25.0154193,121.5161057
6478561431,506,漢堡大師,fast_food,25.0188459,121.4058011
4417637957,557,瑞麟美而美美又美,restaurant,25.0071656,121.5378729
7211425807,442,Subway,restaurant,25.0459859,121.5853089
4100096902,475,無名日本料理,restaurant,25.0414316,121.5046259
3493014872,598,米奇林手工廚房,restaurant,24.9998874,121.4967544
7194711446,187,真有味,restaurant,25.1383406,121.4909014
4007798819,601,吃得飽牛肉麵店,restaurant,24.9897133,121.5414876
3510178455,476,老屋咖啡,cafe,25.0294722,121.5221087
7216240732,440,大心,restaurant,25.0521724,121.5483639
2183273155,399,老主顧,restaurant,25.0627644,121.5311956
7211425688,480,何家鴨庄,restaurant,25.0362001,121.5789684
2971370249,601,初二，十六,restaurant,24.9912627,121.5423066
4227743489,603,海鮮烏龍麵,restaurant,24.9889844,121.5635860
6153748477,515,寶島扁食,restaurant,25.0258434,121.5450747
6014376272,325,大村武,restaurant,25.0915082,121.5216301
3086736503,440,市民大道涮涮鍋,restaurant,25.0446051,121.5537047
4463212795,438,阿財,restaurant,25.0480194,121.5291250
4078673416,401,永和四海豆漿大王,restaurant,25.0571533,121.5552958
5108709472,601,濟鴻火鍋,restaurant,24.9918034,121.5431782
2218962067,516,崇德飯包,restaurant,25.0239158,121.5558508
7194706927,364,騰鮨,restaurant,25.0829948,121.5588619
5207818425,287,成家,restaurant,25.1061270,121.5320526
4198316050,514,學校咖啡,cafe,25.0289928,121.5323242
2539238154,439,來來熱炒,restaurant,25.0490835,121.5422443
3910193957,139,爭鮮 SUSHI,restaurant,25.1672622,121.4462629
3939158050,480,池上飯包,restaurant,25.0389148,121.5780505
4603292489,561,Holiday Inn自助餐,restaurant,25.0042686,121.5987376
4524863575,515,韓國時間,restaurant,25.0288587,121.5432246
5052598785,437,新馬辣經典麻辣鍋 西門昆明店,restaurant,25.0445295,121.5054317
3103266679,439,雲&泰,restaurant,25.0531955,121.5339097
4175986289,361,梅滿美食,restaurant,25.0722913,121.5172517
6323106731,479,三井cuisine M,restaurant,25.0383951,121.5669098
4325693922,438,楊記大餛飩,restaurant,25.0435313,121.5318630
7175334767,512,艋舺排骨酥麵,restaurant,25.0187718,121.4991104
3854472470,557,嘉義雞肉飯,restaurant,25.0139906,121.5339448
3457851844,598,九天素食飯包館,restaurant,24.9962513,121.4990433
5110491042,399,喜客牛排,restaurant,25.0643415,121.5243084
2755478339,476,烤肉飯,restaurant,25.0397682,121.5225956
5110348730,440,金旺牛肉麵.水餃,restaurant,25.0471541,121.5591953
2755478333,476,八方雲集,restaurant,25.0398398,121.5222619
3656220547,476,小茅屋四川店,restaurant,25.0311434,121.5288113
2499041276,478,陝西秦味館,restaurant,25.0399153,121.5546855
5236230922,287,精品咖啡行,cafe,25.1082107,121.5295742
7194693222,364,The Soup Spoon匙碗湯,restaurant,25.0795174,121.5592584
5963884979,467,合浦,restaurant,25.0403857,121.3887705
4452737789,437,Guru House,restaurant,25.0430919,121.5067859
2170997912,365,集客人間茶館,restaurant,25.0757336,121.5763195
4465867786,593,竹葉日式料理,restaurant,24.9967632,121.4257901
6120779596,325,士林馥記烤鴨,restaurant,25.0938557,121.5210478
6925916485,398,旗魚新竹米粉,restaurant,25.0673207,121.5110527
2473232946,515,北方大陸餅,restaurant,25.0222803,121.5410337
7138715815,214,雍翠庭,restaurant,25.1377522,121.5149826
4820442537,433,衝頭炒飯,restaurant,25.0448335,121.4478946
3812406115,602,仙岩原汁牛肉麵,restaurant,24.9984224,121.5483153
2993467443,304,煉金文創咖啡,cafe,25.1080920,121.8572833
4828078421,606,麗芬肉粽,restaurant,25.0015411,121.6142188
3270616980,438,Modern Mode,cafe,25.0557466,121.5197616
5362699021,506,Q Burger 饗樂餐飲,cafe,25.0165459,121.4082283
3821097941,734,三萬小火鍋,restaurant,24.9592202,121.5384399
4439299793,440,秦老師豆漿店,restaurant,25.0476980,121.5576718
4120112796,139,fifi Natural,restaurant,25.1769535,121.4517711
4258228014,553,咖哩匠,restaurant,25.0065725,121.4746837
2604138862,443,好了啦超大杯,cafe,25.0507263,121.5936760
3208558488,555,三媽臭臭鍋,restaurant,25.0067444,121.5168912
6004507049,325,溫州大餛飩,restaurant,25.0945192,121.5230880
3633796075,403,麥味登精緻早午餐 - 內湖新明店,restaurant,25.0571994,121.5849258
7175344492,441,金賞東山鴨頭,restaurant,25.0505151,121.5754009
5242177826,325,弘爺漢堡,restaurant,25.0915757,121.5256087
5564549031,444,享味素食漢堡,restaurant,25.0541486,121.6154972
3835345475,650,粵海熱炒,restaurant,24.9836260,121.5675997
7004093445,437,新美心印尼餐廳,restaurant,25.0499457,121.5116572
7138715800,213,新婦海南雞飯,restaurant,25.1347804,121.5023519
2912382301,138,晴光紅豆餅,fast_food,25.1682326,121.4439749
7175344792,512,中華老字號便當,restaurant,25.0219207,121.4984599
5564542406,444,金仙蝦捲飯,restaurant,25.0555253,121.6106690
2069471802,556,麥當勞,fast_food,25.0082209,121.5209126
7175344613,513,香港聯發燒臘快餐,restaurant,25.0266253,121.5116968
4736039022,551,檸檬草,restaurant,25.0069867,121.4592166
4347520478,507,極鮮火鍋,restaurant,25.0193733,121.4211016
3656220731,476,永康牛肉麵,restaurant,25.0329201,121.5280834
2128922891,604,麥當勞,fast_food,24.9985726,121.5817455
7211425732,373,巧沛東方美,restaurant,25.0817883,121.6942559
2134041107,438,吉野家,restaurant,25.0550592,121.5238698
4325694186,606,蘭亭池上便當,restaurant,25.0011611,121.6096024
1992113481,404,Starbucks,cafe,25.0687002,121.5929029
5088772968,474,丹堤咖啡,cafe,25.0357049,121.4992347
5505377685,601,喜樂涼麵,restaurant,24.9970498,121.5411089
5483729839,477,路易莎咖啡,cafe,25.0331541,121.5445887
2404385735,478,西雅圖咖啡,cafe,25.0325833,121.5601667
3914415976,555,好吃當歸鴨麵線,restaurant,25.0093344,121.5101394
4143920267,648,古色榖香麵飯館,restaurant,24.9790012,121.5427196
3725459697,475,台灣添虱目魚專賣店,restaurant,25.0428374,121.5139660
2583818808,402,金泰日式料理,restaurant,25.0689798,121.5759141
4538276222,477,永和豆漿,restaurant,25.0331481,121.5443456
7217000497,398,秀秀小吃店,restaurant,25.0597967,121.5120077
5717534182,476,刷刷鍋,restaurant,25.0300900,121.5294814
7211439847,440,水剌韓式料理,restaurant,25.0478391,121.5580556
4118443951,437,威靈頓街1號-粥麵茶餐廳,restaurant,25.0456402,121.5148835
4384257979,648,台南溫體牛,restaurant,24.9841269,121.5431226
4524863579,439,金仙蝦卷,restaurant,25.0562118,121.5411300
2666428755,477,香港茶水攤,restaurant,25.0427286,121.5476004
2799084320,367,紅橘子,fast_food,25.0816172,121.5928062
5189814423,249,竹之屋,restaurant,25.1190620,121.5274903
3731275489,723,Compagne Cafe,cafe,24.9489201,121.3782012
7170228282,187,品味韭菜盒,restaurant,25.1451679,121.4947307
3763599237,220,拉瓦那咖啡,cafe,25.1256318,121.6042863
2341947590,514,滿腹食堂,restaurant,25.0182095,121.5316590
5110489728,399,熱炒100,restaurant,25.0624762,121.5251827
3835347355,649,山東餃子館,restaurant,24.9842949,121.5608096
7365963988,397,吉野家,restaurant,25.0655748,121.4970249
5242544022,249,廣集品廣東粥,restaurant,25.1123121,121.5297730
7213752465,330,瓦城,restaurant,25.0841013,121.5942979
2755478369,438,福州乾拌麵,restaurant,25.0432026,121.5250147
3337457964,640,滷味香平價加熱滷味,restaurant,24.9828907,121.4187180
7130802054,400,躼腳日式料理,restaurant,25.0623465,121.5451005
3465414838,599,蘭華素食館,restaurant,24.9973786,121.5054575
2965491625,441,星巴克,cafe,25.0470719,121.5666613
2870412356,439,炭火慢烤彭巴牛排館,restaurant,25.0461692,121.5380139
7194706709,482,阿琴小吃,restaurant,25.0335390,121.6128551
4205229650,439,四海游龍,restaurant,25.0559563,121.5414193
7211419024,443,鐵丸十三堂,restaurant,25.0497271,121.5940125
4033360527,601,鄉情卡拉OK簡餐,restaurant,24.9996782,121.5440626
4524864029,439,時寓牛肉麵,restaurant,25.0486983,121.5362883
3825998761,557,直火人,restaurant,25.0125939,121.5354702
4301001265,439,新文明,restaurant,25.0445755,121.5469595
6276404586,474,阿義滷肉飯,restaurant,25.0392678,121.4985256
7108601667,507,SOYoung,restaurant,25.0248177,121.4239275
3151334677,433,三商巧福,restaurant,25.0450456,121.4523714
3210306542,515,香港金葉港式燒臘,restaurant,25.0254520,121.5450100
6027654410,469,85°C to Go,cafe,25.0394236,121.4246799
4846801500,596,派克脆皮雞排,restaurant,24.9971595,121.4636515
7170215596,402,爭鮮迴轉壽司,restaurant,25.0626808,121.5756552
3028959466,480,永和豆漿,restaurant,25.0389339,121.5861117
3329412096,640,鮮天下鍋貼水餃專賣店樹中店,restaurant,24.9820458,121.4211883
7211425818,444,戀 食尚,restaurant,25.0557424,121.6140733
4546136990,475,花嘴廚房,restaurant,25.0407118,121.5042796
7194693234,444,小叮噹早餐,restaurant,25.0541886,121.6163126
6242158924,602,胖夫妻日式料理,restaurant,25.0001702,121.5552530
5237489117,512,聖賢素食,restaurant,25.0278695,121.4954590
4175052361,761,三媽臭臭鍋,restaurant,24.9378271,121.3610083
2178660010,438,世界素食館,restaurant,25.0496528,121.5200303
2558223179,514,健康滷味,restaurant,25.0232125,121.5291539
3104136227,439,日本料理食彩櫻,restaurant,25.0528282,121.5340030
3716543708,352,永和豆漿,restaurant,25.0723131,121.3760522
2347623334,438,天和鮮物,restaurant,25.0456970,121.5257169
4224851289,437,老 牛肉麺,restaurant,25.0500837,121.5161877
4524863566,438,MOGU CAFR,cafe,25.0545836,121.5203358
6872869339,439,NCISushi,restaurant,25.0496667,121.5447380
5698897030,477,雲滇雲南過橋米線,restaurant,25.0421654,121.5455769
7095334647,477,新濟州,restaurant,25.0427620,121.5465070
6225079324,507,通霄達旦,restaurant,25.0286419,121.4222797
3811445822,399,士紀豆漿大王,fast_food,25.0573628,121.5192664
7037337597,476,潮州包子,restaurant,25.0351647,121.5254974
4166101753,517,Nola Kitchen紐澳良小廚,restaurant,25.0283995,121.5696776
5391353365,401,Louisa,cafe,25.0584415,121.5558537
5372146604,555,中壢新老牌牛肉麵,restaurant,25.0077727,121.5088633
3910201257,139,21金小火鍋,restaurant,25.1662658,121.4471054
3278448302,640,車站池上飯盒,restaurant,24.9810854,121.4192983
7169581037,440,御鼎香脆皮烤鴨餐廳,restaurant,25.0514472,121.5540674
4524864529,478,食隨之味,restaurant,25.0426729,121.5520244
5637382089,388,張家魷魚羹魯肉飯,restaurant,25.0588185,121.3690335
7004248045,364,唐點小聚,restaurant,25.0830495,121.5577843
7004212086,477,上菜囉!!Viva la fete,restaurant,25.0400950,121.5357372
2473232871,515,正香海南雞飯,restaurant,25.0216483,121.5421471
5110490318,475,呷尚寶,restaurant,25.0413843,121.5066287
4439362093,509,洋城義大利餐廳,restaurant,25.0180726,121.4559227
6024211734,600,肉多多,restaurant,24.9965956,121.5197337
2651775311,249,好丘,restaurant,25.1197461,121.5296300
4424518890,516,韓村,restaurant,25.0222470,121.5505671
7175344600,187,金仙魯肉飯,restaurant,25.1385659,121.4916411
5344586024,595,麵 便當 冷飲 檳榔,restaurant,25.0023108,121.4555262
3104851759,650,星巴克,cafe,24.9887428,121.5672790
7194706730,216,凱莉餐廳,restaurant,25.1360432,121.5416777
6028698331,593,阿水の店,restaurant,24.9940091,121.4276678
7211425724,444,永和豆漿,restaurant,25.0560314,121.6141162
5515959701,437,一風堂,restaurant,25.0472327,121.5170806
3040337434,139,淡水小吃,restaurant,25.1698443,121.4449144
3510194245,433,混日子咖啡館,cafe,25.0501791,121.4465118
6140772382,507,麥當勞,fast_food,25.0264591,121.4179345
6053939385,482,老董牛肉麵,restaurant,25.0411354,121.6127623
7004289009,479,頂鮮,restaurant,25.0340062,121.5649465
4213847898,557,池上吾家木盒便當,restaurant,25.0036293,121.5411023
3835345471,650,木柵米粉湯,restaurant,24.9832237,121.5663793
3028970609,211,馨雞財,restaurant,25.1365803,121.4612491
4571265129,139,丹式食堂,restaurant,25.1775198,121.4508716
2668935837,690,小紅莓涮涮鍋,restaurant,24.9623403,121.4796670
4498281095,438,金品茶樓,restaurant,25.0548528,121.5236869
5551902823,477,LOTTERIA,restaurant,25.0345815,121.5382856
4258225636,553,Mo-Mo-Paradise,restaurant,25.0064666,121.4750530
5551907224,477,你好咖啡旅館,cafe,25.0338454,121.5422983
7235635388,437,扒飯眷村菜,restaurant,25.0478476,121.5178253
4820442558,471,義麵工坊,restaurant,25.0417426,121.4459427
5242575422,249,長鴻井飯,restaurant,25.1130616,121.5293400
3835342089,649,16g咖啡,restaurant,24.9830436,121.5594113
3835835207,283,岸咖啡,cafe,25.1097485,121.4673257
2880238725,439,中崙鯊魚麵,restaurant,25.0478945,121.5422243
3465414829,599,可味佳蝦捲,restaurant,24.9971314,121.5043660
4307603549,325,創意麵,restaurant,25.0947837,121.5255833
5205474422,287,傳統美食,restaurant,25.1091772,121.5251853
7194706931,144,山園野菜餐廳,restaurant,25.1773505,121.5306891
7153752240,477,樂野食,restaurant,25.0422274,121.5405927
4820442560,471,西堤,restaurant,25.0411290,121.4452181
4400862237,514,燈籠滷味,restaurant,25.0245413,121.5292377
7211425589,373,美堡寶早餐店,restaurant,25.0816925,121.6950927
5052921357,399,麵店,restaurant,25.0573887,121.5241829
4375587199,400,海真私房菜,restaurant,25.0565666,121.5468653
3232522541,368,SUKIYA 咖哩,restaurant,25.0723823,121.6075259
4524864563,477,春日日本料理,restaurant,25.0363758,121.5462657
6203645813,394,四海遊龍,restaurant,25.0666245,121.4587231
3188315189,650,烤肉飯‧麵疙瘩,restaurant,24.9883253,121.5675614
7211425749,404,水星球餐廳,restaurant,25.0667020,121.5999249
3438534493,734,綠珠坊,cafe,24.9567892,121.5384413
4269582553,439,新宿餐廳,restaurant,25.0492442,121.5435350
4436175213,397,陶板屋,restaurant,25.0603495,121.4978588
4438541566,388,金松門素菜餐廳,restaurant,25.0578422,121.3682394
3821097950,734,曹麵道,restaurant,24.9548252,121.5371827
4031296864,439,燒肉石松,restaurant,25.0530869,121.5468829
7175344748,186,北投麥威爾早餐店,restaurant,25.1386172,121.4867193
2094931371,476,石二鍋,restaurant,25.0341180,121.5265280
7004220058,325,學生餐廳,restaurant,25.0862855,121.5284372
3031418633,138,樂湯包,fast_food,25.1697101,121.4416314
2952428221,438,羊成小館,restaurant,25.0429958,121.5293758
6984169546,440,吽炸居酒屋,restaurant,25.0440742,121.5529302
3467740550,556,酒釀湯圓,cafe,25.0157568,121.5327704
7170215598,402,Skylark,restaurant,25.0621699,121.5757437
2653048523,444,StarBucks,cafe,25.0553467,121.6137680
6865431300,287,丹堤咖啡,cafe,25.1095801,121.5194991
7194706768,145,原鄉私房餐館,restaurant,25.1772177,121.5337358
2307156581,366,甜荳屋,restaurant,25.0817327,121.5913019
5960741887,516,動物誌,restaurant,25.0212279,121.5540118
7194706872,363,品品非米食,restaurant,25.0797096,121.5480149
5342386621,397,五燈獎豬腳魯肉飯,restaurant,25.0664775,121.4955251
3706324837,478,鮮高級蒙古養生鍋,restaurant,25.0325696,121.5576352
1947348386,478,圍爐,restaurant,25.0388606,121.5516149
6284503799,478,呷尚寶,restaurant,25.0307043,121.5610484
4243015924,285,社子島第一辣,restaurant,25.0982703,121.4933695
4940829256,694,大台北永和豆漿,restaurant,24.9627122,121.5392490
2925920902,139,暢遊早餐店,restaurant,25.1708060,121.4472212
4427420460,514,阿文牛肉麵,restaurant,25.0242732,121.5254606
2965491626,441,mister donut,cafe,25.0471408,121.5665903
3528427293,439,歐蜜瑪咖啡,cafe,25.0537537,121.5349600
3740826732,725,您好美意城 旗艦店,restaurant,24.9602337,121.4025793
6924514573,476,莉園商行,cafe,25.0361426,121.5270414
3822530545,213,MICASA MULTILINGUAL BAKING CLASS,cafe,25.1313359,121.4978590
7194706984,362,江太壽司,restaurant,25.0753584,121.5192080
4328118620,479,麥當勞,fast_food,25.0411510,121.5716282
3716532361,352,米苔目,restaurant,25.0833410,121.3842822
4147351048,511,我家牛排,restaurant,25.0179673,121.4789461
7175344758,479,禧園素食,restaurant,25.0412454,121.5754100
3151293173,433,亞美の豆漿大王,restaurant,25.0456603,121.4520363
2190729291,439,匠壽司,restaurant,25.0487415,121.5362848
3711361608,478,巧味傳統切仔麵,restaurant,25.0314172,121.5598815
6440503678,507,頑童茶館 Silly Boy,cafe,25.0234928,121.4235676
2899366917,444,發爺臭臭鍋,restaurant,25.0526154,121.6160376
3473191995,439,四海游龍伊通店,restaurant,25.0527175,121.5347002
5639725050,297,地瓜媽媽早餐店,restaurant,25.0987243,121.7542958
6183747905,517,85度C,cafe,25.0271091,121.5662274
3104133996,439,LA VIE RESTAURANT微咖啡,restaurant,25.0529808,121.5337463
6099308598,478,梅花香腸,fast_food,25.0294702,121.5568333
2607298693,443,吉野家,restaurant,25.0501945,121.5938440
5569304660,442,吉立寶,restaurant,25.0452414,121.5788117
6126379843,555,Louisa Coffee,cafe,25.0115003,121.5153054
5110349483,403,水源麗緻會館,restaurant,25.0591427,121.5792721
3742372119,365,摩斯漢堡,fast_food,25.0801691,121.5700300
2460008996,734,Green Hornets Cafe,restaurant,24.9546110,121.5372122
7194706844,364,凪(Nagi),restaurant,25.0830290,121.5595399
2142306953,438,The One,cafe,25.0541829,121.5223824
3727152373,440,吉野家,restaurant,25.0482780,121.5540462
7194706785,697,春茶鄉,restaurant,24.9664100,121.5864224
2341954685,514,嘟可茶飲,cafe,25.0272669,121.5227901
5342386622,476,大來小館,restaurant,25.0334615,121.5301879
4754476214,478,Bianco,restaurant,25.0360761,121.5497551
4739445921,401,藝奇新日本料理;IKKI懷石創作料理,restaurant,25.0578917,121.5495667
2404982111,439,華漾大飯店,restaurant,25.0455090,121.5429846
4058519116,601,鵝肉,restaurant,24.9987772,121.5450477
5917357184,507,三顧茅廬,restaurant,25.0191982,121.4226480
2880238732,439,池上便當,restaurant,25.0481475,121.5428011
2914011276,139,梅英の店,restaurant,25.1708621,121.4513826
7138715778,213,蕎萁早午餐,restaurant,25.1354189,121.4988395
2406854922,437,薩莉亞,restaurant,25.0435105,121.5070996
5274513724,437,林合發油飯,fast_food,25.0549838,121.5105946
3313882521,761,福記包子饅頭,restaurant,24.9388253,121.3661690
4834761774,601,美式早午餐,restaurant,24.9975674,121.5401140
4837986568,476,吳師父東北大餅,restaurant,25.0405087,121.5331769
5109347768,514,初魚料亭,restaurant,25.0259463,121.5314552
7170215767,442,吃老闆ㄦ,restaurant,25.0503381,121.5812902
7138715770,213,瑞麟美而美,restaurant,25.1376783,121.5009190
7194706885,251,三姐姐早餐店,restaurant,25.1188399,121.5528633
5992007285,477,胡同燒肉,restaurant,25.0385721,121.5472403
4198238526,438,永和豆漿,restaurant,25.0513115,121.5310067
3465414836,599,瓜仔肉飯筒仔米糕,restaurant,24.9974088,121.5051941
4031296846,438,成吉思汗蒙古烤肉,restaurant,25.0517913,121.5267017
3104137929,439,利嘉咖啡,restaurant,25.0526207,121.5339772
4937891810,437,吉豚屋,fast_food,25.0489743,121.5174804
7211425638,480,松川現滷滷味,restaurant,25.0385990,121.5849333
4432818421,555,永和豆漿,restaurant,25.0056445,121.5050808
5349483384,514,胖老爹美式炸雞,fast_food,25.0192422,121.5281067
3836723361,440,喜多園素食,restaurant,25.0563916,121.5554415
2526186876,649,徐家酥餅,restaurant,24.9878973,121.5519725
3707479480,437,大戸屋,restaurant,25.0461230,121.5165474
3727895636,438,喜乃膳日式料理,restaurant,25.0492787,121.5332372
3854090980,321,素食,restaurant,25.0881150,121.4668713
7194706736,444,逢甲阿郎鹹酥雞,restaurant,25.0475959,121.6159129
2630761878,646,麥當勞 中和景新店,fast_food,24.9885113,121.5129918
4325693937,480,清心福全,cafe,25.0366704,121.5782190
3242067185,506,McDonald's,fast_food,25.0170010,121.4025075
3939254263,116,8鍋,restaurant,25.1815436,121.4355357
3690933583,478,温州鮮餛飩,restaurant,25.0336820,121.5590883
6578286279,441,卡滋日式豬排專賣店,restaurant,25.0492246,121.5656050
7211425618,480,林媽媽鹽水雞,restaurant,25.0379261,121.5791452
4082740401,516,海力士拉麵丼飯,restaurant,25.0207140,121.5547472
3837332662,640,元氣補給站,restaurant,24.9830042,121.4231868
6924533494,476,樹咖啡,cafe,25.0350638,121.5270819
3012324208,515,磚塊廚房,restaurant,25.0216782,121.5408652
2973921733,138,淡水韓定食,restaurant,25.1741536,121.4338746
3337457967,640,快樂早餐店,restaurant,24.9831976,121.4184425
2643649058,353,北平烤鴨,restaurant,25.0773581,121.3964883
3682801675,510,吉野家,restaurant,25.0212541,121.4671738
4524863699,602,5Sense Cafe,cafe,24.9994220,121.5562174
4149564850,514,戀茶荳,cafe,25.0160734,121.5324073
4253208244,514,麗江小館,restaurant,25.0176904,121.5286918
2215948831,439,加賀全日式拉麵館,restaurant,25.0526152,121.5340819
7002886745,437,翰林茶館,restaurant,25.0457459,121.5151776
5110491056,399,Detour,restaurant,25.0625837,121.5211950
5201250221,249,YAYOI日式料理,restaurant,25.1114903,121.5304794
7194693275,557,快樂便當,restaurant,25.0047095,121.5356270
6389111662,324,香香自助餐,restaurant,25.0887959,121.5081372
6126337851,557,麵店,restaurant,25.0033085,121.5405625
3891208752,475,星巴克,cafe,25.0324104,121.5169244
3953746883,363,Hotdog and Bagel,restaurant,25.0832758,121.5473831
7170215718,398,東石鮮蚵,restaurant,25.0649095,121.5109935
3725707060,475,趙記菜肉餛飩大王,restaurant,25.0417384,121.5108737
2526402990,601,阿明,restaurant,24.9897100,121.5414033
3785982723,475,廣炒,restaurant,25.0303322,121.5140797
7211425558,442,康鮮餐飲店,restaurant,25.0445272,121.5865834
6114700753,515,便當,restaurant,25.0229908,121.5411943
5827513654,557,台科大第三學生餐廳,restaurant,25.0122245,121.5410078
3339512564,439,洪記豆漿,restaurant,25.0545171,121.5421756
4307625981,438,慈方素食小居,restaurant,25.0535660,121.5320963
4139093696,601,錢都日式涮涮鍋,restaurant,24.9998803,121.5395559
7211425768,480,川鮮生猛海鮮,restaurant,25.0390663,121.5792923
5391338898,401,鬍鬚張,restaurant,25.0582785,121.5540355
3909253512,640,陽春麵各式小吃,restaurant,24.9798889,121.4181541
2307156548,366,米特肉舖,restaurant,25.0820721,121.5913337
5119420074,467,八方雲集,restaurant,25.0297657,121.3891592
6204895486,398,Apple 203,restaurant,25.0582180,121.5117302
7170215750,442,文吉池上便當,restaurant,25.0538961,121.5917626
6328385685,226,音樂餐廳,restaurant,25.1292268,121.8190872
6380761386,399,人和園,restaurant,25.0602604,121.5240154
2292708733,648,摩斯漢堡,fast_food,24.9782040,121.5428737
5961167065,361,Underon 上下誌飲水機,cafe,25.0709815,121.5159881
3707814398,762,採色餃點,restaurant,24.9452542,121.3762018
6189796079,799,大腸麵線,restaurant,24.9278251,121.3758308
2177250580,601,許家滷汁便當,restaurant,24.9893412,121.5409978
5477790364,364,RAW,restaurant,25.0827973,121.5594172
4524863836,438,雙月食品社,restaurant,25.0436810,121.5220274
3785981604,475,金仙排骨,restaurant,25.0302388,121.5165832
6155600440,648,士林米粉湯,restaurant,24.9796490,121.5444199
4434575789,478,原杏杏仁茶,cafe,25.0407322,121.5541939
5108709468,601,巨林美而美,restaurant,24.9969266,121.5448441
2903618201,510,長奇日本料理,restaurant,25.0285587,121.4708519
3842796426,602,大埔平價鐵板燒,restaurant,25.0016540,121.5526467
3465503381,598,炒翻天餐廳,restaurant,24.9962261,121.5035161
7282087886,436,東京串燒酒場,restaurant,25.0453466,121.5030153
6142450885,352,林口天光 享食早午餐,restaurant,25.0769312,121.3731789
3763599528,220,五指山星城咖啡,cafe,25.1258582,121.6046317
3729190711,138,炸榴槤,fast_food,25.1684616,121.4438392
5980540982,211,Starbucks,cafe,25.1247256,121.4669691
4334072411,648,麗園麵食館,restaurant,24.9753249,121.5357240
5699180233,477,Meetup,restaurant,25.0324983,121.5437867
3835377579,650,食餓知餓甜不辣,restaurant,24.9832215,121.5666439
7133065787,599,早自己,restaurant,24.9903075,121.5077452
3619793095,601,萬隆刀削麵、包子,restaurant,25.0020316,121.5381029
7194693211,439,梅花廳,restaurant,25.0522137,121.5445406
1937529144,325,SUKIYA,restaurant,25.0947235,121.5240754
5110490234,437,呷尚寶,restaurant,25.0462490,121.5078910
3269839661,439,金鳳廳,restaurant,25.0545760,121.5333296
4007811655,601,鄭家燒肉飯,restaurant,24.9916465,121.5414648
7194706917,362,冰山五角,restaurant,25.0705038,121.5197548
4120113251,139,黑澤貓,restaurant,25.1766843,121.4515696
2772750021,648,泰味廚房,restaurant,24.9833765,121.5411116
4394603470,762,爭鮮迴轉壽司,restaurant,24.9425795,121.3757215
4113615807,438,波希米亞人咖啡館,cafe,25.0500849,121.5192880
2927145124,139,呷子園,restaurant,25.1749623,121.4464633
7175344714,366,我還有點餓,restaurant,25.0771079,121.5851014
7211419054,444,興中一鍋,restaurant,25.0559783,121.6070382
7194706725,362,壽太郎10元壽司,restaurant,25.0706225,121.5197647
2912321401,138,淡水長堤,restaurant,25.1725849,121.4355274
3820884952,187,稻香坊早餐店,restaurant,25.1383503,121.4895119
4616317791,438,Hana Bi,restaurant,25.0536205,121.5220756
4567944496,407,85度C,cafe,25.0643340,121.6420758
7342353318,506,可楓,fast_food,25.0173822,121.4094690
7175344723,442,健康素食,restaurant,25.0461505,121.5781009
2621123676,439,多田壽司屋,restaurant,25.0513076,121.5433606
7175334782,513,八方雲集,restaurant,25.0254106,121.5038729
6059585217,438,cama cafe,cafe,25.0434935,121.5277936
5504491297,601,麵攤,restaurant,25.0019971,121.5369175
5110489312,399,吉祥牛肉麵.水餃,restaurant,25.0578940,121.5265844
3812406128,601,金香越南菜咖哩飯,restaurant,24.9947948,121.5415450
2794308855,477,素食,restaurant,25.0423700,121.5417827
6375243480,365,荷田田,restaurant,25.0832600,121.5679381
7175344487,517,多加精緻早午餐,restaurant,25.0283809,121.5641625
7211425717,442,北方大陸餅,restaurant,25.0467019,121.5887799
3818988986,514,台大水果吧,cafe,25.0195340,121.5297016
2178340364,557,麥當勞,fast_food,25.0142210,121.5345467
4838086707,475,Vivie Cafe,cafe,25.0347509,121.5108430
2886397156,438,滿穗,restaurant,25.0527527,121.5327901
5950297216,365,泰回味,restaurant,25.0818212,121.5727304
6029650181,596,S&D COFFEE SHOP,cafe,24.9988232,121.4633561
7194706729,650,政大油飯,restaurant,24.9877763,121.5745898
5534051998,437,北京廳,restaurant,25.0462406,121.5162722
5542433144,542,One Kitchen,restaurant,25.0159548,121.9454159
4820442565,471,帕尼尼洋食館,restaurant,25.0379435,121.4519714
4820442528,471,麻豆碗粿,restaurant,25.0428747,121.4488034
4428547490,477,激安の食事酒場,restaurant,25.0422850,121.5479476
6842625022,399,木白甜點咖啡店,cafe,25.0584082,121.5328025
7211425709,374,多來家早餐店,restaurant,25.0826972,121.6961774
5189832621,249,八藤家,restaurant,25.1188850,121.5272189
4585456502,478,Sarabeth’s,restaurant,25.0401053,121.5483699
2601117060,476,無老鍋,restaurant,25.0377198,121.5324716
5353653321,405,上品蔥抓餅,fast_food,25.0695374,121.6177789
3725812492,440,秋吉串燒,restaurant,25.0443284,121.5512662
6499715186,479,犇鐵板燒,restaurant,25.0404206,121.5669313
2143411200,365,周胖子水餃,restaurant,25.0814595,121.5716386
3794607150,601,夜奔咖哩,restaurant,24.9927244,121.5413572
2310547834,437,The Pasta Bar,restaurant,25.0447631,121.5070284
5150800921,440,胡同燒肉2號店,restaurant,25.0449053,121.5505150
3661063913,249,B1－西雅圖咖啡,cafe,25.1161456,121.5231018
6013055985,359,摩斯漢堡,fast_food,25.0797250,121.4808898
7194693221,361,尚品香 早餐店,restaurant,25.0720481,121.5108374
4335016697,437,貝殼食堂,restaurant,25.0430060,121.5139689
3835349531,649,老頭家客家菜,restaurant,24.9845390,121.5613436
3270620067,438,橫濱日式料理,restaurant,25.0555863,121.5204040
5564549034,444,老吳攤,restaurant,25.0551867,121.6130860
1846462708,365,MOS BURGAR,fast_food,25.0725662,121.5758463
3938949099,440,巧克哈客,restaurant,25.0443329,121.5615015
6440503674,507,品燒肉 Pin Yakiniku,restaurant,25.0233807,121.4243859
4152024989,553,廢墟早午餐,restaurant,25.0045644,121.4759963
3859931414,216,日久阿囉哈早餐店,restaurant,25.1372861,121.5415843
2473808901,514,愛樂廚房銅盤烤肉 韓式美食,restaurant,25.0165973,121.5319921
2917574237,433,老仔麵攤快炒,restaurant,25.0521795,121.4579779
5712940240,442,永吉涼麵,restaurant,25.0450182,121.5838293
7175344761,476,全國健康素食自助餐,restaurant,25.0300158,121.5269482
4355387186,474,丹堤咖啡,cafe,25.0295296,121.5025822
6153989173,477,一流清粥小菜,restaurant,25.0297295,121.5432635
6027654414,469,香港發記燒臘,fast_food,25.0386384,121.4239922
2812986184,439,若荷蔬食時尚餐廳,restaurant,25.0434395,121.5466164
4033359762,601,漢堡飽早午餐,restaurant,24.9939223,121.5415248
3278448318,640,統一牛排,restaurant,24.9855607,121.4192782
3819941587,648,鄉村早餐店,restaurant,24.9855801,121.5464181
4018209516,515,麵之彩日式麵館,restaurant,25.0203828,121.5333710
3992053164,437,星巴克,cafe,25.0539051,121.5139985
7211425762,403,內湖翌莊薑母鴨,restaurant,25.0663809,121.5878272
2643621267,353,鵝肉切肉麵,restaurant,25.0780003,121.3927027
5088772966,474,兩喜號魷魚羹,restaurant,25.0361350,121.4992145
5513168750,510,Casa 義麵屋,restaurant,25.0205548,121.4625438
7211425782,480,大喜豆漿韭菜盒子,restaurant,25.0366586,121.5776805
7125458202,437,大鼎,restaurant,25.0446914,121.5156964
4738383421,365,小木屋鬆餅,restaurant,25.0824259,121.5679384
5715664715,399,巴賽麗廳,restaurant,25.0628278,121.5299302
7211425656,403,味亦美,restaurant,25.0666538,121.5907284
4782166943,324,八方雲集,restaurant,25.0842492,121.5097552
7194706856,399,金春發牛肉店,restaurant,25.0689705,121.5186320
4837986357,478,立德餐廳,restaurant,25.0399648,121.5600704
4298881348,557,新卡莎素食西餐廳,restaurant,25.0147676,121.5335027
5917357458,507,好品味家傳牛肉麵,restaurant,25.0244795,121.4235733
3787100421,401,點點漾滋味,cafe,25.0584436,121.5560768
4524863741,400,土庫當歸鴨肉麵線,restaurant,25.0596922,121.5391095
5108707191,600,家鄉珍味小館,restaurant,24.9969414,121.5264764
3820884994,213,志明牛肉麵,restaurant,25.1364808,121.4970725
3884198109,366,BUS蛋餅坊,restaurant,25.0815788,121.5881976
6579380110,514,Morlan Coffee,cafe,25.0215203,121.5330215
3881540610,437,邱媽媽的店,restaurant,25.0447903,121.5160263
2806281113,366,北平烤鴨,restaurant,25.0813456,121.5913096
5757688853,476,思慕昔二館,restaurant,25.0319690,121.5287988
5211079624,444,雲泰萊風味館,restaurant,25.0556827,121.6115503
4328118422,557,咬三口上海生煎包,restaurant,25.0132022,121.5352198
3710925757,469,古早傳說,restaurant,25.0310594,121.4300434
6024254207,397,中島甜不辣,restaurant,25.0690528,121.4988883
3598482206,437,清真黃牛肉麵館,restaurant,25.0455241,121.5106873
5699180231,477,丰食堂,restaurant,25.0322959,121.5439012
4344542423,438,凱越越南風味小火鍋,restaurant,25.0517349,121.5318911
2594905504,366,La Pasta義大利麵屋,restaurant,25.0718118,121.5809096
3731276229,723,85度C,cafe,24.9482666,121.3791426
3835323343,650,喜知次,restaurant,24.9825215,121.5636593
3157785561,601,客拉客台式自助餐,restaurant,24.9916592,121.5400932
7112871485,515,淞美自助餐,restaurant,25.0255979,121.5336369
4200643962,602,老湯牛肉麵,restaurant,25.0022203,121.5482621
2175739241,692,McDonald's,fast_food,24.9623510,121.5125796
2626769077,438,晨堡早午餐,restaurant,25.0546947,121.5318866
4338653389,437,Metro Cafe,cafe,25.0436260,121.5130203
7235635387,437,蔥月,restaurant,25.0481765,121.5173540
3044962633,211,Bokimi,cafe,25.1361431,121.4622548
6127437884,555,Louisa Coffee,cafe,25.0080023,121.5138147
4552365624,139,椒麻雞大王,restaurant,25.1771509,121.4493798
2604138853,439,Amao Coffee Company,cafe,25.0472253,121.5402774
7153752241,477,高家涼麵,restaurant,25.0424096,121.5398403
3636601443,726,麵 拉麵 水餃,restaurant,24.9603860,121.4199993
5585946788,442,嚐嚐見財麵,restaurant,25.0449674,121.5779995
6013262085,322,洪記永和豆漿大王,restaurant,25.0871240,121.4799379
6024236724,397,鍋錢橋日式刷刷鍋,restaurant,25.0687151,121.4993388
4834782545,648,時間：廊咖啡廚房,restaurant,24.9805165,121.5420736
6127553961,593,牛車水三心五序鐵板燒,restaurant,24.9953652,121.4282899
2473810034,514,法語人之家,cafe,25.0166610,121.5305685
4043621268,513,大台北豆漿大王,restaurant,25.0291375,121.5085158
2784773052,551,溫州大餛飩,restaurant,25.0084543,121.4504777
3541454287,761,餃佼者,restaurant,24.9379053,121.3626456
4307625983,514,朝日壽司,restaurant,25.0213414,121.5270623
4193151704,438,老四川巴蜀麻辣燙,restaurant,25.0522830,121.5294614
3670390143,478,麵屋喜,restaurant,25.0419228,121.5552890
5110489785,437,85度C,cafe,25.0457513,121.5056984
3618676739,478,蘋果工坊,restaurant,25.0406849,121.5527484
6103641072,287,海益行,restaurant,25.1023751,121.5243572
4449757839,438,都教授韓國炸雞,restaurant,25.0514034,121.5209487
7320973056,437,大狗麵線,restaurant,25.0450395,121.5161712
3132734857,555,大衛廚房,restaurant,25.0149507,121.5124771
7175344608,512,奧黛越南料理,restaurant,25.0213822,121.4995228
4846801502,596,元氣家族麵飯館,restaurant,24.9969602,121.4635885
7213780472,479,瓦城,restaurant,25.0367989,121.5668065
5556070108,439,葉記滷味,restaurant,25.0494183,121.5420735
4811600968,388,道穎小館,restaurant,25.0573997,121.3611680
7175344621,515,池上傳統便當,restaurant,25.0263207,121.5338102
3232586639,405,1618小舖,restaurant,25.0678983,121.6126879
7175344518,186,胖老闆,restaurant,25.1383810,121.4861799
6189317575,360,一品臭臭鍋,restaurant,25.0720168,121.4909605
3448585969,734,聖巴黎焦糖滷味新店捷運分店,restaurant,24.9578282,121.5377253
3821098476,515,翠園越南餐廳,restaurant,25.0241875,121.5344337
3939246541,116,晉家門開鍋,restaurant,25.1807439,121.4443490
3909253713,640,美麗廚房,restaurant,24.9794593,121.4185828
4822554521,139,大快披薩,restaurant,25.1780095,121.4490529
5461284420,388,婆婆媽媽小吃店,restaurant,25.0603422,121.3634623
6155600442,648,花雕雞,restaurant,24.9795933,121.5444356
7191634531,322,八方雲集,restaurant,25.0864982,121.4782568
3079655518,441,一元堂美食茶館,cafe,25.0498739,121.5655903
2858503888,437,朱記溫州混沌,restaurant,25.0454565,121.5059964
7175344655,477,四維路麵攤,restaurant,25.0311053,121.5479492
6073659327,325,桂丁香,restaurant,25.0902118,121.5250608
2913949712,139,歡樂牛排,restaurant,25.1717155,121.4456889
5556152822,474,萬華火車站金好吃純正花枝羹,restaurant,25.0336306,121.4999599
3790551440,601,羴一羴蒙古炭烤羊腿,restaurant,24.9939452,121.5413934
6681321000,438,逸鄉園,restaurant,25.0439175,121.5257554
4089408089,477,Wine café,restaurant,25.0323308,121.5440914
3835377571,650,正大中西式早午餐,restaurant,24.9837972,121.5686642
7194706745,651,金鮨日式料理,restaurant,24.9870927,121.5785941
6919639360,215,椰林溫泉美食,restaurant,25.1376701,121.5276772
3292775578,510,路易‧莎咖啡,cafe,25.0198451,121.4655951
2396085350,477,餃子樂餃子館,restaurant,25.0359342,121.5441705
2473332524,439,天使義大利麵,restaurant,25.0484007,121.5417614
4837986430,516,六堆伙房,restaurant,25.0232679,121.5496775
6024282274,510,老菜水煎包,restaurant,25.0233877,121.4674118
7170215743,443,找諶 Chen’s Brunch,restaurant,25.0526599,121.5928314
6131867505,762,福記小吃店,restaurant,24.9425473,121.3726420
7170215589,402,Ponderosa龐德羅莎,restaurant,25.0619330,121.5771933
2609549963,514,漢堡王,fast_food,25.0172365,121.5314476
2912368301,138,正宗阿給,restaurant,25.1702689,121.4390162
6438451356,443,Subway,fast_food,25.0527710,121.6057762
7368962862,397,水餃、牛肉麵,restaurant,25.0667613,121.4983740
7211425821,444,Bogart's Smokehouse Taipei (美式木柴烤肉屋),restaurant,25.0547021,121.6100930
7213007939,515,韓國時間,restaurant,25.0269704,121.5395460
2183273158,399,麥當勞 McDonald's,fast_food,25.0627447,121.5305090
3867793890,438,金湘台灣小吃,restaurant,25.0434499,121.5326136
5203492623,325,Tino pizza Cafe,cafe,25.0953452,121.5267288
5551910421,477,爭鮮sushi,restaurant,25.0336651,121.5391038
6527884293,642,燒肉眾,restaurant,24.9885454,121.4576581
7011883074,399,甘蔗雞便當專賣店,restaurant,25.0647472,121.5273553
6329100517,516,馬可波羅,restaurant,25.0265870,121.5493559
2643730304,353,您口香炒飯,restaurant,25.0813600,121.3887770
5212043223,249,劉媽媽抄手,restaurant,25.1187910,121.5295840
2142307112,438,葛蕾絲咖啡館,cafe,25.0504311,121.5200085
1942182762,476,摩斯漢堡,fast_food,25.0371868,121.5197434
2886412472,438,養心茶樓,restaurant,25.0528197,121.5327892
5051738287,561,鮮平價牛排館,restaurant,25.0037295,121.6015276
4108971711,439,伊森咖啡美食館,cafe,25.0525732,121.5386373
2383980622,514,華美新古典麵食館,restaurant,25.0227507,121.5266016
3694094091,514,路燈咖啡師大店,cafe,25.0243646,121.5268744
4000531757,598,蕭家下港脆皮臭豆腐,restaurant,25.0014007,121.5009010
5504533368,557,吃飯囍福小館,restaurant,25.0035484,121.5368566
5110488987,602,大嘴饞,restaurant,24.9990691,121.5575822
7170215771,442,米香棧池上便當,restaurant,25.0488022,121.5813742
7004248036,364,SPIGA PASTA 石壁家義大利麵,restaurant,25.0830570,121.5571667
3835347351,649,怡源麵粥之屋,restaurant,24.9840843,121.5595962
6304979559,324,Ting屋食堂,restaurant,25.0909707,121.5181394
6939523031,475,新疆吐魯番羊肉餐廳,restaurant,25.0415020,121.5051037
5515959714,437,一兆堂,restaurant,25.0476715,121.5164943
3232608321,368,心樂園,cafe,25.0718058,121.6089553
6114700755,515,28麵堂,restaurant,25.0220199,121.5429282
2751198280,438,500茶飲撰,cafe,25.0438190,121.5229325
4524863736,400,旅沐豆行,cafe,25.0601564,121.5419924
5276462228,564,Barista,cafe,25.0090430,121.6452721
2563901901,648,纏記東河包子,restaurant,24.9829454,121.5341976
7365964048,397,金騰三重老牌油飯四神湯,restaurant,25.0649464,121.4991029
3656221035,476,東門餃子館,restaurant,25.0328194,121.5286737
7175344677,512,萬大路汕頭麵,restaurant,25.0190541,121.4961946
7004097328,437,牛肉麵水餃大王,restaurant,25.0475139,121.5079562
5250520621,325,天增,restaurant,25.0892905,121.5249714
4193320589,439,鼎王麻辣鍋,restaurant,25.0484833,121.5361073
6749527349,474,森耕咖啡商行,cafe,25.0388602,121.5029295
2863458610,364,Francis Bakery,cafe,25.0834003,121.5520513
4928425266,439,知高飯,restaurant,25.0515774,121.5348577
6112504139,325,樂芙坊,restaurant,25.0846711,121.5230206
3846400905,439,食在好咖,cafe,25.0526372,121.5353137
4820442525,433,新蘭陽雞肉飯,restaurant,25.0435580,121.4518662
5110348524,442,肉普普,restaurant,25.0483044,121.5802748
4018209503,478,米家廚房,restaurant,25.0334684,121.5589099
6028698329,593,魚癡の店,restaurant,24.9939659,121.4277510
3812406132,601,韋媽媽小吃店,restaurant,24.9948412,121.5421361
3093800969,323,拉亞漢堡,restaurant,25.0850894,121.4946250
7343452085,351,JAPOLI義大利餐酒館,restaurant,25.0706655,121.3641070
2625503724,363,一斗米,restaurant,25.0797087,121.5458976
3689283576,436,楊永和豆漿,restaurant,25.0539841,121.4913508
7175344559,213,吳家牛肉麵,restaurant,25.1362113,121.4970679
5920151158,138,水舞茶,fast_food,25.1704465,121.4440077
4836653430,364,APO CAFE,cafe,25.0832338,121.5524156
5286854373,602,欣林鐵板燒,restaurant,24.9981236,121.5586498
3223024966,400,發福廚房,restaurant,25.0612474,121.5467304
2308209037,330,許家莊牛肉麵,restaurant,25.0840296,121.5927380
3424566640,598,巨林美而美,fast_food,24.9961473,121.4897607
6024253681,185,有夠炒鐵板燒,restaurant,25.1379794,121.4624543
7211425718,480,禾順豐湯包館,restaurant,25.0363174,121.5781199
7365964045,397,佳鄉牛排,restaurant,25.0657937,121.4986825
4150685075,475,上海極品軒餐廳,restaurant,25.0422145,121.5134664
3639451111,694,關山便當,restaurant,24.9649239,121.5401755
4888000022,476,天津葱抓餅,fast_food,25.0326662,121.5296675
4326936937,360,彭園會館,restaurant,25.0714696,121.4947043
3811440920,399,Enjoy,cafe,25.0575816,121.5230904
4483324889,325,勝面,restaurant,25.0868210,121.5257508
3811000224,649,八方雲集,restaurant,24.9876512,121.5504680
7213007957,515,蔥燉牛肉麵,restaurant,25.0220610,121.5427083
7213007947,515,溫州大混沌,restaurant,25.0259980,121.5391755
3835339687,650,軒堡早餐店,restaurant,24.9839044,121.5682796
3424895617,598,素緣素食,restaurant,25.0019203,121.4981111
4430043090,639,紫金閣素菜餐廳,restaurant,24.9857923,121.4134957
3664549468,138,稻草人雞排,fast_food,25.1703599,121.4443699
5542866621,478,Chou Chou,restaurant,25.0407716,121.5497832
3043949035,439,富霸王豬腳,restaurant,25.0533341,121.5335001
5551897905,515,謝記珍寶食品莊,restaurant,25.0275836,121.5436880
7175344577,513,松岡精緻盒餐,restaurant,25.0264755,121.5124361
2560204209,398,施家湯圓,restaurant,25.0653560,121.5109869
3700532674,478,欣宜自助餐,restaurant,25.0318206,121.5593516
5240720521,365,亞記牛肉河粉,restaurant,25.0819583,121.5718388
2726475934,552,法樂琪,restaurant,25.0139592,121.4673901
4738179768,367,Ryan's 都會潛艇堡,restaurant,25.0736006,121.6051812
3050368605,139,瀚侑美食館,restaurant,25.1725600,121.4462450
4118443952,437,精彩火鍋-館前店,restaurant,25.0455873,121.5148889
6723076762,476,好菜在嘉,restaurant,25.0317339,121.5272467
6682287318,438,Simple Kaffa,cafe,25.0439190,121.5277570
5515959704,437,???,restaurant,25.0476230,121.5164528
3104863145,476,集客天長地久人間茶館,restaurant,25.0423133,121.5265024
5075469224,510,Merci creme,restaurant,25.0176629,121.4665215
5109347809,514,香料館,restaurant,25.0192397,121.5305579
2656074189,441,百八漁場,restaurant,25.0511542,121.5648298
3533327795,438,牛爺牛肉麵,restaurant,25.0526156,121.5312053
6261511686,438,爐鍋咖琲,cafe,25.0547215,121.5204878
6024199816,648,呷尚飽,restaurant,24.9869041,121.5475525
7004220034,363,林文必涼麵,restaurant,25.0818839,121.5462956
5568836032,388,A店排骨,restaurant,25.0580154,121.3692404
6004507056,325,OMAYA 春川炒雞,restaurant,25.0946152,121.5220989
7284431192,478,Alley308,restaurant,25.0389601,121.5559584
3885482858,216,八卦夜未眠,restaurant,25.1338906,121.5357454
4724505187,648,阿蘭姐薑母鴨,restaurant,24.9781917,121.5343586
5504919531,601,巧佩東方美,restaurant,24.9950914,121.5396021
5551887923,477,建國手工水餃雲吞麵食館,restaurant,25.0329023,121.5381993
7368631854,397,胖老爹美式炸雞,fast_food,25.0634107,121.5008157
3959168673,762,李記大腸蚵仔麵線,restaurant,24.9478017,121.3728704
5108709469,601,吉的堡漢堡,restaurant,24.9979628,121.5437435
4583119789,473,潮粥府沙鍋粥,restaurant,25.0327690,121.4746500
4930967352,592,青德宮幸福咖啡屋,cafe,24.9993625,121.4031213
1720016592,364,明水三井,restaurant,25.0819007,121.5516334
7320973073,515,找到咖啡,restaurant,25.0186395,121.5340226
3590042797,694,老莊牛肉麵,restaurant,24.9714246,121.5422469
4451503591,287,趙中原牛肉麵,restaurant,25.1012510,121.5294439
4031296867,439,瑪姬家咖啡/簡餐,restaurant,25.0512780,121.5346388
2928834649,138,台灣小吃,restaurant,25.1702936,121.4447927
4913299918,476,烘培者咖啡,cafe,25.0305625,121.5304533
4279163489,437,信陽街永和豆漿,restaurant,25.0446907,121.5165303
4557470289,475,金峰魯肉飯 西門總店,restaurant,25.0426059,121.5048319
3341996995,640,對街27,restaurant,24.9835452,121.4241345
4406897385,556,老街窯烤Pizza,restaurant,25.0157162,121.5329018
6944318966,693,IKEA Cafe,cafe,24.9723441,121.5304995
2563901899,648,鍋爸涮涮鍋,restaurant,24.9826430,121.5345101
4538275035,600,麥當勞,fast_food,24.9993374,121.5253933
6835396513,476,有緣,restaurant,25.0343561,121.5297626
4838087770,512,大味王,restaurant,25.0276205,121.5003189
7194706954,364,郭大媽涼麵,restaurant,25.0797060,121.5573841
6024239136,475,-18度C冰店,restaurant,25.0339531,121.5044487
3594595047,598,貴族世家,restaurant,25.0018060,121.4932802
6090466091,325,funky fresh,restaurant,25.0887335,121.5241863
2643752473,353,佳林早餐店,restaurant,25.0806402,121.3861018
2822583085,366,羅媽媽便當店,restaurant,25.0827589,121.5916355
3785982724,475,後抓,restaurant,25.0303791,121.5140533
4820442014,471,Starbucks(新泰門市),cafe,25.0412600,121.4453841
4524863665,516,嘗鮮樓精緻熱炒,restaurant,25.0254195,121.5564118
6872675385,437,61Note,cafe,25.0525413,121.5183509
6024282272,510,爭鮮,restaurant,25.0225192,121.4674300
3835342092,649,三三活力早餐,restaurant,24.9820908,121.5620220
7217108224,553,大心,restaurant,25.0065282,121.4748514
4254655289,515,阿英海產粥,restaurant,25.0245697,121.5432296
7170215751,442,魯肉飯,restaurant,25.0537752,121.5915285
2392237980,400,香港鴻圖燒臘,restaurant,25.0608433,121.5349768
5502990921,507,中壢新明牛肉麵,restaurant,25.0207028,121.4175785
6029650172,552,爭鮮,restaurant,25.0079897,121.4606337
2898365320,478,存香牛肉麵,restaurant,25.0352407,121.5605666
4200642682,558,山東水餃,restaurant,25.0031175,121.5509785
4568831691,593,錢都涮涮鍋大觀店,restaurant,24.9922753,121.4292881
7192846583,321,鴨霸切仔麵,restaurant,25.0872548,121.4707777
2456412698,439,香港隆華美食燒臘,restaurant,25.0486618,121.5419998
3701541985,557,甘丹燒鐵板,restaurant,25.0120951,121.5354652
3347627773,640,神奇牛排快餐,restaurant,24.9813494,121.4202652
7235632180,437,丸壽司,restaurant,25.0480154,121.5171592
6763209781,478,青山燕複合式料理,restaurant,25.0399820,121.5523817
2952382788,476,馥園,restaurant,25.0423476,121.5305019
3859933811,216,菲華樓 觀光系咖啡廳,cafe,25.1358449,121.5402323
3812405154,601,吉美早餐店,restaurant,24.9951141,121.5454254
6323106725,478,Cheers 歡飲廊,restaurant,25.0351678,121.5623554
2188302614,439,虱目魚粥,restaurant,25.0560254,121.5404492
6115958610,287,鐵人壽司,restaurant,25.1028890,121.5229712
4118442324,437,八方雲集,restaurant,25.0455760,121.5140955
4505512189,557,狗一下,restaurant,25.0124802,121.5354553
4396244189,367,星巴克,cafe,25.0729515,121.6062124
6440503675,507,曼杜瓦餐廳,restaurant,25.0239665,121.4244397
7138715801,213,川之流精緻涮涮鍋,restaurant,25.1349495,121.5024226
3439256634,802,三峽九鬮香腸,restaurant,24.9235291,121.4283875
7282086089,397,朱記花枝羹,fast_food,25.0641756,121.4975236
4328118406,478,大心,restaurant,25.0421676,121.5521983
4828591293,471,古早烤地瓜,restaurant,25.0393858,121.4465329
4524863967,516,天璽石頭火鍋,restaurant,25.0276779,121.5560708
4838087704,437,轉角咖啡豆咖啡,cafe,25.0545941,121.5095888
4156555077,506,麵獎,restaurant,25.0184941,121.4066783
2250695729,734,瑞麟美而美,restaurant,24.9565737,121.5343421
5585775190,480,台富便當,restaurant,25.0420364,121.5780302
7211425729,443,正宗泰國菜,restaurant,25.0541706,121.5966090
3689721425,476,來來小吃店,restaurant,25.0405653,121.5332438
3637170877,514,橫浜蛋包飯,restaurant,25.0223780,121.5267786
6068468714,514,軒軒滷味,restaurant,25.0251420,121.5293620
5236219621,287,三富季節料理,restaurant,25.1073005,121.5269751
6440886048,444,呷七碗,restaurant,25.0560926,121.6165414
7211425676,480,阿卡拉專業炸雞連鎖,restaurant,25.0365185,121.5793693
3811445888,213,摩斯漢堡,fast_food,25.1325635,121.4973196
5859230935,507,阿昌快炒,restaurant,25.0253998,121.4240460
3670390133,478,紅九九個人麻辣火鍋,restaurant,25.0426660,121.5546486
3426316146,599,登豐麻辣鍋,restaurant,25.0004469,121.5089226
4483357390,325,豪大大雞排,restaurant,25.0880948,121.5239774
4198249715,438,飽之林豆漿大王,restaurant,25.0483045,121.5320758
7194693259,366,大湖餐館,restaurant,25.0831320,121.5809512
2285210380,439,洛町和風美食,restaurant,25.0530322,121.5403824
3673009068,548,食裡洋場羊肉爐薑母鴨,restaurant,25.0127231,121.4128368
2628220590,248,達美樂,restaurant,25.1147381,121.5175610
7175344551,476,Toasteria Cafe 吐司利亞,restaurant,25.0334445,121.5303763
7170215755,443,京板元氣咖哩,restaurant,25.0546694,121.5924463
4236823748,514,珍品味泰式炭烤,restaurant,25.0243713,121.5294642
5198337981,762,四海遊龍鍋貼專賣店,restaurant,24.9434575,121.3745252
6027654413,469,𡘙師傅便當專賣店,fast_food,25.0384891,121.4241525
3617149302,159,實驗廚房,restaurant,25.1600739,121.4294533
7213007981,515,成都川菜小吃,restaurant,25.0230933,121.5429477
4351000299,398,大昌沙拉船,fast_food,25.0569059,121.5155564
6284503798,478,新越 雲泰越食堂,restaurant,25.0306478,121.5609498
6601666488,515,胖老爹美式炸雞,restaurant,25.0236611,121.5435808
4085142318,595,金元飽福州乾拌麵,restaurant,25.0021563,121.4558812
2365905406,478,1976,restaurant,25.0404753,121.5499221
3909253727,640,阿興大腸麵線 傳統豆花,restaurant,24.9797349,121.4184327
6677060167,506,呷尚寶 JSP,cafe,25.0165121,121.4081428
3837405852,640,小叮噹早餐,restaurant,24.9805853,121.4239203
5579557221,325,嗚鬍woo who,restaurant,25.0959762,121.5276203
7194706690,603,米粉湯滷肉飯,restaurant,24.9909055,121.5735514
7004279964,479,D弐拾弐,restaurant,25.0345712,121.5669152
5285474846,602,福鼎,restaurant,25.0007642,121.5552502
7211425703,443,好滋味素食,restaurant,25.0556917,121.6068735
2308209027,330,50饌池上飯包,restaurant,25.0838838,121.5925559
3045033302,439,金牌乾意麵,restaurant,25.0544344,121.5346706
4943537022,325,士林廟​​口我豪蝦,restaurant,25.0894938,121.5241738
2357128239,602,西貢越南美食,restaurant,24.9998915,121.5551198
6190476413,514,上鼎小館,restaurant,25.0235493,121.5312410
3316663462,601,美而美,restaurant,24.9903707,121.5395357
4406983439,599,甜不辣,restaurant,24.9968022,121.5116593
5110348631,516,魚民日式海鮮料理,restaurant,25.0230166,121.5551588
6424770942,555,Let's Pet Paws Restaurant,restaurant,25.0125328,121.5072110
3457792205,510,大醬火鍋,restaurant,25.0280228,121.4699614
3034547266,439,小可大柯仔麵線,restaurant,25.0546004,121.5371989
7216110140,359,樂雅樂,restaurant,25.0803817,121.4805772
2822549361,366,炸糊麵線,restaurant,25.0813508,121.5904463
5917357448,507,美味鵝肉,restaurant,25.0197338,121.4216216
3716532362,315,甕仔雞,restaurant,25.0842063,121.3847681
4432479636,477,包仔的店,restaurant,25.0347684,121.5461582
7211425487,480,蒜翻天,restaurant,25.0414955,121.5876548
7211425610,480,庭園早餐,restaurant,25.0392723,121.5915418
3594110787,597,早餐,restaurant,24.9956386,121.4830817
4198238517,438,好所在,restaurant,25.0513257,121.5307564
4739408538,367,九元鐵板燒,restaurant,25.0727236,121.6046588
6903271900,433,光頭佬麵線臭豆腐,restaurant,25.0506910,121.4479391
5108706541,694,德豐食堂,restaurant,24.9751086,121.5452811
3440914203,598,金世界餐廳,restaurant,25.0017104,121.5002364
2681685076,835,大同橋甕仔雞,restaurant,24.9198117,121.3673808
5074887750,388,上吉屋焗烤工坊,restaurant,25.0669791,121.3648450
5551893022,514,NUKI Coffee,cafe,25.0228071,121.5245250
4449757811,438,伯朗咖啡館,cafe,25.0496697,121.5212813
4809559721,437,天天利美食坊,restaurant,25.0449431,121.5075900
4033360503,601,榛好味河粉,restaurant,24.9974526,121.5477972
4449757810,438,上班族美而美,restaurant,25.0496425,121.5219494
3399758824,89,麥當勞金山門市,fast_food,25.2189940,121.6403656
3725713805,475,桃源街正宗山東牛肉麵,restaurant,25.0416813,121.5103562
3542013795,515,彼克雷友善咖啡館,restaurant,25.0191157,121.5334038
2341919465,476,85度C,cafe,25.0320503,121.5199071
3507106800,365,星巴克,cafe,25.0784318,121.5695328
6973902501,440,迪加1995,restaurant,25.0434558,121.5548158
7281713385,366,路易莎,cafe,25.0741998,121.5788146
4306018723,640,29美式早餐,restaurant,24.9797541,121.4191143
4156554948,507,鬍鬚張,restaurant,25.0264692,121.4175544
2094941419,476,緑逗薏人,cafe,25.0344610,121.5271420
6969436660,694,淞月,restaurant,24.9678155,121.5409434
5026556843,506,四海遊龍,fast_food,25.0174476,121.4027066
2132228031,479,小樂天餃子館,restaurant,25.0412548,121.5683159
3650173143,478,西雅圖極品咖啡,cafe,25.0411662,121.5543896
7194706879,361,摩斯漢堡,restaurant,25.0722208,121.5140854
2460033738,439,咖哩王日式咖哩專賣店,restaurant,25.0484175,121.5414065
2175739309,732,永和豆漿 (大王),restaurant,24.9591068,121.5089457
2410134951,437,京沺屋,cafe,25.0448089,121.5086450
6843969835,554,巧味,restaurant,25.0056041,121.4921673
2690920440,433,客家小炒,restaurant,25.0491566,121.4520324
2787574032,478,鷹流拉麵 台灣本店,restaurant,25.0397659,121.5538439
2880238731,439,度小月,restaurant,25.0492398,121.5422405
5265238694,726,信長拉麵,restaurant,24.9607429,121.4204519
3196909462,440,八方雲集,restaurant,25.0482206,121.5569315
2804200286,513,八方雲集,restaurant,25.0254302,121.5038774
2908573357,139,TNT美式炭烤牛排,restaurant,25.1683808,121.4463282
7368631868,397,上紅小火鍋,restaurant,25.0644035,121.4990410
5840880530,601,Listen Cafe,cafe,25.0015814,121.5421745
3914415978,555,小歇,restaurant,25.0091588,121.5105886
7194693244,650,派克雞排,restaurant,24.9881390,121.5762211
6406146587,510,坐一下吧,restaurant,25.0233135,121.4638049
7004220030,363,新煮義關東煮,restaurant,25.0808874,121.5448607
2085444960,514,Dulu Coffee Shop,cafe,25.0264861,121.5248751
4585439711,478,哈打奶奶立吞處,cafe,25.0418968,121.5556534
6180492021,599,霸味薑母鴨,restaurant,24.9924155,121.5120279
7194706692,399,三隻獅子英國餐廳 The Three Lions Inn,restaurant,25.0689543,121.5220682
2321487374,516,玖定食,restaurant,25.0215803,121.5566811
5110269765,439,就是綠精緻歐陸料理,restaurant,25.0492426,121.5337757
5515932506,437,港苑,restaurant,25.0471531,121.5175733
7235632181,437,兩肋牛排,restaurant,25.0481897,121.5172741
7175344634,512,無名古早味米粉湯,restaurant,25.0198838,121.4980658
5293207813,514,錢都日式涮涮鍋,restaurant,25.0248518,121.5195435
2520682680,214,吉亞炸肉飯,fast_food,25.1260909,121.5081955
3188345266,650,五花馬 蛋包飯,restaurant,24.9869292,121.5678995
6323106724,478,漂亮廣式海鮮餐廳,restaurant,25.0350706,121.5624681
3690709243,640,早餐優選,restaurant,24.9789270,121.4174289
3846211918,650,五行手工水餃,restaurant,24.9828024,121.5668328
4223414127,939,山豬の店鱘龍魚料理,restaurant,24.8714918,121.3763728
6085595039,287,Noodle flat。見麵公寓,restaurant,25.1070654,121.5251158
4848590222,396,麥當勞,fast_food,25.0576354,121.4868141
4423130976,397,MOS BURGER,fast_food,25.0675715,121.4965214
3951653863,598,對味食坊,restaurant,24.9979858,121.5024920
5211945230,249,お食事鮮,restaurant,25.1185380,121.5293380
3710078799,599,西牛牛肉麵,restaurant,24.9933749,121.5043230
3672579910,9,伊莎貝拉海灘咖啡館,cafe,25.2858057,121.5116469
5564549099,493,十分寮客棧,restaurant,25.0429384,121.7769645
4319632570,360,緣圓永和豆漿大王,restaurant,25.0704009,121.4947671
7175344599,513,妙音素食自助餐,restaurant,25.0270360,121.5112481
4995897895,599,豆点，傳統豆花,cafe,24.9957812,121.5102015
5051738286,561,我家牛排 新北市深坑店,restaurant,25.0035860,121.6020970
6369607466,367,金湖咖啡,cafe,25.0794100,121.5990508
4536958589,512,麥町土司工房早餐店,restaurant,25.0242639,121.4950777
7194706707,366,蕃茄小火鍋,restaurant,25.0797950,121.5829069
5542429205,543,Fu Shih,restaurant,25.0198134,121.9504713
2514660901,214,瑞麟美而美,fast_food,25.1248981,121.5072418
2539238262,439,安記海鮮,restaurant,25.0493240,121.5422470
6120865762,325,路易莎,restaurant,25.0917132,121.5209807
1996949185,192,松竹園,restaurant,25.1398957,121.5677040
6527884296,642,阿九魯肉飯,restaurant,24.9871739,121.4549157
4414712965,557,客家麵館,restaurant,25.0073087,121.5373441
3408980058,694,奄兵衛日本料理,restaurant,24.9625026,121.5396566
3694828719,478,Mr Meat 肉大人 肉舖 火鍋,restaurant,25.0304090,121.5501400
3423121546,388,萬里香牛肉麵,restaurant,25.0594750,121.3683698
7153752247,439,咖哩森林,restaurant,25.0435322,121.5373218
4314508107,593,舒時咖啡館,cafe,24.9924139,121.4223713
3707814383,762,嘉一自助餐,restaurant,24.9465379,121.3772238
3416064597,598,八方雲集,restaurant,24.9999758,121.4994250
7216987768,437,古早口味水餃阿姨的店,restaurant,25.0552446,121.5109979
2680082774,439,寬谷有限公司,cafe,25.0490505,121.5427435
7175344579,512,咕G咕鹹酥雞,restaurant,25.0203660,121.4961206
7211425646,404,奇味蕃茄牛肉麵,restaurant,25.0569346,121.6054792
3302287087,439,露天義大利麵,restaurant,25.0539308,121.5338547
4143918621,648,食都臭臭鍋,restaurant,24.9803129,121.5421187
4269582580,477,老地方牛肉麵,restaurant,25.0429247,121.5398132
4307554244,248,阿二麻辣,restaurant,25.1166659,121.5159792
2157329681,399,丹堤咖啡,cafe,25.0582765,121.5329057
2918859895,475,馨香堂,cafe,25.0408105,121.5065068
4295559835,475,奇福扁食,restaurant,25.0313771,121.5184207
2880238737,439,馬祖麵店,restaurant,25.0475943,121.5421960
4785484223,301,85度C,cafe,25.1078113,121.8071613
4149564832,514,MiMi Cafe,cafe,25.0159154,121.5314827
7211425491,443,瑞麟美而美,restaurant,25.0562996,121.6056404
2197470931,439,種福園斤餅牛肉麵專賣店,restaurant,25.0528343,121.5345651
3337458104,639,便當,restaurant,24.9816222,121.4152045
7211425759,480,天邊的家,restaurant,25.0365530,121.5807713
3662858739,161,弘爺漢堡,restaurant,25.1626939,121.4525285
2297829311,330,八方雲集,restaurant,25.0844960,121.5956827
6539580569,472,85度C,cafe,25.0314579,121.4741461
7211425508,443,鼎園牛肉麵館,restaurant,25.0561654,121.6056516
3412211255,598,紫的寶,fast_food,24.9972804,121.4978443
7194706907,650,提洛斯義式廚房,restaurant,24.9874210,121.5774781
5875366037,475,番樂屋日式拉麵,restaurant,25.0425810,121.5062577
2209949947,734,好口味海溪產,restaurant,24.9582567,121.5382505
4293131789,361,Street Food,fast_food,25.0717027,121.5159407
3939158048,480,永和豆漿,restaurant,25.0406318,121.5776368
7153752242,477,四海豆漿大王,restaurant,25.0421514,121.5398122
2642013889,439,cama cafe,cafe,25.0482857,121.5345958
5820957654,555,小德張羊肉爐,restaurant,25.0106592,121.5116416
7017538449,362,深夜咖啡,cafe,25.0705450,121.5190577
2643621279,353,趙記排骨酥,restaurant,25.0776983,121.3928816
1720014715,364,隨意鳥地方,restaurant,25.0828627,121.5607314
5739420402,555,麥當勞,fast_food,25.0131749,121.5155402
4085092821,514,雀兒小餐館,cafe,25.0196029,121.5318206
2787426172,478,涓豆腐,restaurant,25.0404656,121.5500873
2470176170,477,享Cafe,cafe,25.0387092,121.5470685
4329769524,287,米夏·費德爾,cafe,25.1024100,121.5229427
7175344491,512,格林早餐吧,restaurant,25.0226668,121.4978732
6872618285,399,小良絆,restaurant,25.0571733,121.5197580
7175344637,517,人从众厚切牛排,restaurant,25.0280928,121.5639456
7194706817,444,這一家。眷村味,restaurant,25.0476006,121.6153956
3725488710,475,東北大餅,restaurant,25.0422990,121.5110171
4988203447,469,すき家,restaurant,25.0395999,121.4245313
7211439844,440,柳家涼麵,restaurant,25.0471154,121.5580633
3103261286,439,東嘉祥日式料理,restaurant,25.0532902,121.5337887
2321735758,287,海旺角生猛活海鮮,restaurant,25.1012201,121.5222316
3328449237,598,東石蚵仔大腸麵線,restaurant,25.0022799,121.4994796
7021213584,399,老炳記港式餐廳,restaurant,25.0591121,121.5301432
4325693476,697,小木屋茶坊,restaurant,24.9668811,121.5866735
2188361286,400,串燒八十八番,restaurant,25.0573085,121.5390494
3887468729,477,伯朗咖啡,cafe,25.0408322,121.5370164
4820442547,471,福滿溢冰品甜點,restaurant,25.0402681,121.4552337
3323027099,593,肉羹麵,restaurant,24.9910404,121.4256439
3450729726,598,千芳餃子館,restaurant,25.0014434,121.4998111
2527528057,439,廣東粥,restaurant,25.0471143,121.5415076
4820442583,432,茶湯會,restaurant,25.0466196,121.4447618
4142796789,648,小樂天餃子館,restaurant,24.9795127,121.5443780
5502990933,507,兩支北方麵食館,restaurant,25.0195098,121.4217352
4051880127,401,張媽媽牛肉麵,restaurant,25.0579483,121.5617179
3347627747,640,桶神現滷滷味樹林中華店,restaurant,24.9813103,121.4192086
4913299919,476,YABOO CAFE,cafe,25.0304531,121.5305874
5205497023,287,錢吟日式涮涮鍋,restaurant,25.1104121,121.5253648
5840904108,439,十里安,restaurant,25.0526811,121.5444329
5551835422,477,越南河粉,restaurant,25.0332053,121.5420438
2355618189,694,巴黎生活餐飲,restaurant,24.9663705,121.5411918
2808188010,366,聞香熱炒100;麗緻美容髮,restaurant,25.0811564,121.5920473
3835345481,650,台南木新店,restaurant,24.9839681,121.5685979
3909253535,640,幸福小館,restaurant,24.9793689,121.4184850
4018209509,439,1885 Burger Store,restaurant,25.0523243,121.5474831
2776684641,476,正宗原汁牛肉麵,restaurant,25.0427865,121.5303698
6510454287,398,世界美食,restaurant,25.0582368,121.5127596
7211425722,373,玉米粉湯&台南溫體牛,restaurant,25.0823356,121.6950265
2643657699,353,海口蔡肉羹,restaurant,25.0774844,121.3922360
5637382094,388,海味平價海鮮,restaurant,25.0589097,121.3689530
7175344499,368,大富牛肉麵,restaurant,25.0739242,121.6198356
7216240730,437,大心,restaurant,25.0479375,121.5165261
5242149524,325,惡犬食堂,restaurant,25.0910981,121.5266493
5639746317,298,堡爺精緻早餐店,restaurant,25.0986235,121.7545101
5236191123,287,北投魷魚,restaurant,25.1075126,121.5280667
5110245035,476,鴻興餃子館,restaurant,25.0323656,121.5296404
6700210233,476,六廚川客料理,restaurant,25.0338367,121.5331985
7255486186,321,番茄村早午餐,restaurant,25.0899454,121.4713373
4905269471,326,CHORD 校車咖啡,cafe,25.0935819,121.5455850
7175344667,441,悟饕台北,restaurant,25.0461098,121.5719940
3232560161,405,五花馬,restaurant,25.0687299,121.6128738
7211425803,374,九九米苔目、黑白切店,restaurant,25.0824808,121.6961453
6978549686,441,默契小館,restaurant,25.0495278,121.5662689
870621641,406,養生素食,restaurant,25.0693438,121.6286782
2473232953,515,噹食麵,restaurant,25.0233962,121.5410135
3851546378,438,華山6165小吃殿,restaurant,25.0457774,121.5253735
4325693927,649,永和豆漿大王,restaurant,24.9878281,121.5514747
2069516500,556,超霸牛排,restaurant,25.0119009,121.5196412
5109347804,514,汎美精緻全自助餐,restaurant,25.0183492,121.5316801
2939314773,399,越南養生素食,restaurant,25.0604130,121.5310530
3725673592,640,漢堡,restaurant,24.9800647,121.4182380
2539238261,439,香菜餐廳Bar,restaurant,25.0489902,121.5422355
5800963053,482,老家牛肉麵,restaurant,25.0387727,121.6170984
6695543683,139,晨之美淡大總店,restaurant,25.1775318,121.4494532
4205230087,437,麥當勞,fast_food,25.0507876,121.5167632
7093253846,437,Yame 叻南洋風味火鍋,restaurant,25.0457971,121.5084806
4325693395,514,Anna's Wonderland,cafe,25.0175628,121.5288662
5845066130,515,蘇江川小館,restaurant,25.0262659,121.5475147
3706808725,327,和巧味無骨鴨肉麵,restaurant,25.0847955,121.5616311
7194693220,216,永玉小吃店,restaurant,25.1373555,121.5467172
7175344663,187,101小吃店,restaurant,25.1411339,121.4896262
3543119193,509,海力士,restaurant,25.0175599,121.4562913
4440681390,398,詹记鸡脚翅,cafe,25.0571606,121.5155465
5189728526,249,一品山西刀削麵,restaurant,25.1200141,121.5266673
6190476397,602,秋榮便當,restaurant,24.9897473,121.5490837
3033189648,438,香港興記粥麵專家,restaurant,25.0480596,121.5313286
5585775135,480,HI SUN DA,restaurant,25.0426505,121.5804015
7079777310,1013,餐廳,restaurant,24.8483223,121.5509087
2302597358,367,酌屋,restaurant,25.0821226,121.5967731
7194693243,288,餐廳,restaurant,25.1015039,121.5407486
2450658706,478,匡吉涮燒鍋,restaurant,25.0420241,121.5553136
6873696161,438,柯芬園咖啡,cafe,25.0517164,121.5201402
4256122191,117,梅園,restaurant,25.1828023,121.4474050
4269582540,439,八方麵莊,restaurant,25.0481411,121.5424495
3729190714,138,古早味(原來：一級棒)炭烤魷魚,fast_food,25.1685625,121.4437268
3034546864,398,金春發牛肉麵,restaurant,25.0697677,121.5185286
3721407946,515,瑞安早餐吧,restaurant,25.0283716,121.5409193
4837986587,478,赤肉羹魷魚羹,restaurant,25.0334685,121.5481673
3881540592,437,好味道排骨大王,restaurant,25.0442707,121.5160266
7170236086,187,明亮食堂,restaurant,25.1452169,121.4941825
6090376085,325,甘味處日式烤麻糬,restaurant,25.0905647,121.5237992
3278448307,640,派克脆皮雞排樹林中華店,restaurant,24.9813384,121.4192559
7194706957,650,京華小館,restaurant,24.9886099,121.5738239
5110488973,649,蚵仔之家,restaurant,24.9886044,121.5590986
5208038226,325,味來廚房,restaurant,25.0946627,121.5222845
4953075501,398,阿輝牛肉,restaurant,25.0606338,121.5126139
5110348809,440,星巴克,cafe,25.0538786,121.5493457
5110348525,442,大埔平價鐵板燒,restaurant,25.0481293,121.5803264
2460626620,439,丁媽媽手工水餃南京分店,restaurant,25.0542824,121.5433895
7195056322,322,神戶牛排,restaurant,25.0865784,121.4782069
3304641847,478,天仁茗茶,cafe,25.0417499,121.5481670
2203268929,734,八方雲集,restaurant,24.9561972,121.5343937
6424770941,555,Mom & Pop Restaurant,restaurant,25.0122243,121.5074901
3451793193,601,陽春麵,restaurant,24.9925126,121.5400554
2933740601,138,鄉間小路紙火鍋,restaurant,25.1710640,121.4383081
4120118685,139,米樂食堂,restaurant,25.1769943,121.4516472
3521865793,601,美術系壽司,restaurant,24.9919464,121.5414080
3450729734,598,莊園麻油雞,restaurant,25.0013787,121.4996812
1720302272,595,聚北海道昆布鍋,restaurant,24.9987312,121.4566120
3846251079,649,松禾新鐵板燒料理,restaurant,24.9811630,121.5590402
5585947224,480,喜登早餐吧,restaurant,25.0426405,121.5801097
5782279703,601,南京豆漿燒餅,restaurant,24.9951764,121.5415020
3638564173,439,港仔找茶,cafe,25.0533996,121.5335110
2194018202,439,萬京樓北京烤鴨,restaurant,25.0537897,121.5475371
5766839217,161,からあげとよ,restaurant,25.1552878,121.4595080
2440534527,474,85度C,cafe,25.0365436,121.5005391
3814919811,512,六九盒餐,restaurant,25.0287035,121.4931646
4601283379,437,輕井澤自助餐廳,restaurant,25.0447022,121.5154823
3328449209,597,S&D,cafe,24.9957638,121.4833778
5445755323,725,鍋饌,restaurant,24.9568121,121.4149109
6549014570,514,新瑞麥,restaurant,25.0209363,121.5282243
4430791893,438,星巴克,cafe,25.0485790,121.5326649
3720758453,515,漫高三明治,restaurant,25.0268953,121.5418848
4851318938,515,佳欣越南小館ㄅ,restaurant,25.0249102,121.5372095
4406983438,599,劉家牛肉麵,restaurant,24.9968800,121.5115708
2518367571,601,咱家海產熱炒,restaurant,24.9935547,121.5401608
4432254996,433,全國健康素食(中誠店),restaurant,25.0473153,121.4474029
4524863980,477,拉亞漢堡,restaurant,25.0410298,121.5410909
2755478351,476,巴黎小鎮,restaurant,25.0394495,121.5234331
7194706823,399,如意泰式料理,restaurant,25.0695599,121.5196267
5960741895,601,ConfitRémi,restaurant,25.0010563,121.5400676
2982909863,160,八里佘家孔雀蛤大王,restaurant,25.1585168,121.4352637
4838087724,398,AMA Cafe,cafe,25.0602105,121.5092237
6323106718,478,迎賓廊,restaurant,25.0351297,121.5626566
7175344650,442,陳董- 藥燉排骨羊肉,restaurant,25.0515528,121.5798094
4347520485,507,清心福全,cafe,25.0197178,121.4205817
4050767736,402,民治小火鍋,restaurant,25.0574860,121.5633895
4328118618,557,韓一閣韓式料理,restaurant,25.0131228,121.5353287
4082740404,516,呷尚寶,restaurant,25.0205150,121.5526030
7211425536,444,尊上養生素食,restaurant,25.0558016,121.6142100
4943536923,479,布丁狗餐廳,cafe,25.0353068,121.5659368
5859230948,507,鐵板城現炒便當,restaurant,25.0248279,121.4237158
7175344747,477,好朋友早餐吧,restaurant,25.0343132,121.5386634
3939158052,515,法國當代會館,restaurant,25.0283253,121.5414816
4142127604,438,御成町 浪漫鰻屋,restaurant,25.0504739,121.5239486
6004507081,325,全國健康素食,restaurant,25.0947579,121.5242135
5342705782,467,原町食堂王,restaurant,25.0390733,121.3880310
3883893379,184,媽媽嘴咖啡屋,cafe,25.1428560,121.4480405
6546338488,408,來發印尼食堂,restaurant,25.0618493,121.6538854
7211425552,480,第一鮮生猛現撈現炒,restaurant,25.0388884,121.5793706
4524863724,400,Subway,fast_food,25.0625491,121.5414584
4524864059,439,紅螞蟻切仔麵,restaurant,25.0540324,121.5422058
4326372456,139,大陸麵店,restaurant,25.1772579,121.4496090
5515959711,437,原味德里,restaurant,25.0480220,121.5165017
7194706965,251,家常便當,restaurant,25.1187795,121.5530378
3292775568,510,各式快炒,restaurant,25.0189356,121.4672369
2302529888,330,阿根早餐,restaurant,25.0838467,121.5952343
4502307492,514,Rebirth Cafe & Restaurant,cafe,25.0213502,121.5330076
6514349841,440,富品自助餐,restaurant,25.0518410,121.5529811
5505377665,557,麵飯小吃,restaurant,25.0045366,121.5378922
4449757828,438,甄品鍋,restaurant,25.0493787,121.5194280
4691581789,603,媽咪廚房,restaurant,24.9990158,121.5741846
3809456229,601,Subway,fast_food,24.9893430,121.5449340
2392237992,400,皇綺牛肉麵,restaurant,25.0608011,121.5349775
3201621177,514,Punch Burger,fast_food,25.0214279,121.5277111
2751198279,438,扁食撰,restaurant,25.0438753,121.5229488
3510205293,476,誇張古懂咖啡店,cafe,25.0377823,121.5292133
7194706758,650,甜不辣,restaurant,24.9874862,121.5770954
3603954058,640,東西可點 專業早/午餐專賣店,restaurant,24.9865334,121.4203252
3438534494,734,南洋美食館 Warteg Indonesia,restaurant,24.9569473,121.5384728
3860789103,593,蒸鮮蒸餃專賣,restaurant,24.9912855,121.4236284
2320119248,214,星巴克,cafe,25.1362244,121.5043235
3270665670,399,名古屋台所,restaurant,25.0573012,121.5196782
6190476396,602,佳蒂早餐坊,restaurant,24.9897874,121.5490236
5585775192,480,老萬金,restaurant,25.0421502,121.5780275
7194706911,366,曲肯叔叔美式炸雞,restaurant,25.0784964,121.5894152
7170215730,365,泰廚鄉,restaurant,25.0822289,121.5649670
2698212021,514,文薈廳,cafe,25.0257388,121.5280792
4571265130,139,愛炒飯,restaurant,25.1770951,121.4511372
2399354847,437,肉和膳,restaurant,25.0460982,121.5147962
2441153348,437,Solo Beans 咖啡專賣,cafe,25.0435675,121.5137131
2081019330,517,加爾第咖啡,cafe,25.0287037,121.5628401
4325694183,480,芳鄰火鍋,restaurant,25.0400832,121.5776315
3510597156,398,高雄黑輪大王,restaurant,25.0571719,121.5177938
6871573258,478,TOTSUZEN Streakhouse,restaurant,25.0404461,121.5524983
5875366045,475,老抽茶餐廳,restaurant,25.0424983,121.5065575
4033134262,734,麵之旅,restaurant,24.9561900,121.5341872
4838086694,398,昌吉街豬血湯,restaurant,25.0657650,121.5169398
4198249690,438,圓環魚翅肉羹,restaurant,25.0483315,121.5316890
7194706733,327,N°168牛排館,restaurant,25.0844630,121.5589410
5766839216,161,LADU 巴巴甩餅·風味飯,restaurant,25.1552279,121.4595151
4837986362,478,Lady M,restaurant,25.0408002,121.5564577
4837986563,478,菜真香海鮮熱炒,restaurant,25.0308471,121.5529118
5930569850,507,早安美芝城,restaurant,25.0250954,121.4255977
3008162016,139,一心水餃,restaurant,25.1770383,121.4516479
7170215781,442,苦茶之家,restaurant,25.0480584,121.5795010
4379076965,558,芳鄰,restaurant,25.0034647,121.5504199
3424475240,598,麵線王,restaurant,24.9977311,121.4944548
4512469696,601,老酒霸,restaurant,24.9901056,121.5406152
3699944611,482,中研院餐廳,restaurant,25.0408249,121.6127014
3820884817,211,橘子牛奶,restaurant,25.1283210,121.4679808
3860748874,190,敦煌快餐,restaurant,25.1377791,121.5411780
4200643098,602,松町和風小舖,restaurant,25.0009896,121.5525464
3867794079,438,小媽臭臭鍋,restaurant,25.0549205,121.5325509
6560495885,439,痴漢堡,restaurant,25.0452491,121.5475383
7211425645,480,奇岩牛排燒肉飯,restaurant,25.0392887,121.5871247
4103175891,517,大馬肉骨茶,restaurant,25.0290486,121.5646977
5966211091,439,吃飯,restaurant,25.0539276,121.5340789
5344586025,595,SUBWAY,fast_food,25.0018300,121.4564906
3304641863,477,欣葉,restaurant,25.0413140,121.5470421
2441153344,437,劉師父客家板條,restaurant,25.0435662,121.5137847
6205131767,478,紅屋牛排,restaurant,25.0422008,121.5529006
6989610385,437,祥發港式茶餐廳,restaurant,25.0450314,121.5077255
7235632168,437,本食,restaurant,25.0480291,121.5170728
4205229679,439,竹山意麵,restaurant,25.0562305,121.5406762
6190826755,437,鑫,restaurant,25.0450497,121.5165949
4170162590,399,張家一品香滷味,restaurant,25.0644585,121.5235534
2966261274,369,無憂素食,restaurant,25.0716741,121.6308517
3417501605,598,豬媽媽,restaurant,24.9947614,121.4972957
2935765095,400,生機健康餐,restaurant,25.0607703,121.5348052
3820884962,187,粟家牛肉麵,restaurant,25.1385815,121.4915398
4727069877,368,全多麥鮮作早餐,restaurant,25.0728375,121.6097899
3777743180,557,蕭家乾麵,restaurant,25.0136868,121.5345114
6314600439,439,新利餐館,restaurant,25.0511430,121.5406229
3812405149,601,亨享美食坊,restaurant,24.9952354,121.5448311
4306013540,640,花蓮什錦麵,restaurant,24.9796988,121.4189930
3767530309,601,鹿港滷肉飯,restaurant,24.9889375,121.5409649
5187705421,325,爭鮮,restaurant,25.0954787,121.5258540
6176758339,694,拿坡里,fast_food,24.9750540,121.5362624
3835344358,649,麥當勞,fast_food,24.9817674,121.5606625
7211419050,442,錢吟日式涮涮鍋,restaurant,25.0467392,121.5882733
3104137565,438,芩和日式拉麵,restaurant,25.0537162,121.5310299
2936706101,139,涎香鵝肉店,restaurant,25.1718982,121.4474196
7194706737,123,名廚料理會館,restaurant,25.1786629,121.5407265
5301474421,475,二二八庭園咖啡館,restaurant,25.0402179,121.5154032
3785977777,477,歐客佬咖啡信義店,cafe,25.0337191,121.5391018
4772684224,365,鳥窩窩的私房菜,restaurant,25.0812607,121.5685570
4329768681,287,川禾平價生魚片,restaurant,25.1032358,121.5228048
4569794311,475,韓菜100,restaurant,25.0413998,121.5060774
2446576184,437,陶板屋,restaurant,25.0439939,121.5130578
5605373721,438,逸仙樓,restaurant,25.0523006,121.5305718
7194706939,399,GAUCHO高卓人,restaurant,25.0689071,121.5220359
2142306963,649,摩斯漢堡,fast_food,24.9817905,121.5607777
7194693264,398,貳分之一串燒丼飯,restaurant,25.0693615,121.5134881
5110489269,438,早.午餐,restaurant,25.0468311,121.5331742
2913712502,139,晶淳快餐店,restaurant,25.1774331,121.4486778
7175344775,249,Snail蝸牛餐廳,restaurant,25.1216076,121.5266906
2293203445,399,早餐店,restaurant,25.0675732,121.5234067
5256811022,249,豐盛潤餅,restaurant,25.1107440,121.5294826
3292774958,510,田香園滴雞精,restaurant,25.0171279,121.4652595
4317096449,437,鮮堡,fast_food,25.0536947,121.5152100
4838087750,398,雞蛋客仔煎,restaurant,25.0650619,121.5109697
7004248041,364,豆腐村 韓式豆腐煲料理,restaurant,25.0832094,121.5574869
7175344798,249,找餐 中西式早午餐,restaurant,25.1220902,121.5241498
6873696167,438,佛斯特旺餐酒館,restaurant,25.0521234,121.5196681
4520207453,732,永康燒臘,restaurant,24.9600618,121.5110405
7194706888,366,美而美 漢堡媽媽,restaurant,25.0787108,121.5810642
4617500089,438,露西,restaurant,25.0514778,121.5233139
5110269763,439,宜亨齋蔬食坊,restaurant,25.0482988,121.5334408
3440708509,554,壹咖啡,cafe,25.0026561,121.4967951
2952382790,476,禮麵作,restaurant,25.0401101,121.5310558
4114407189,444,星巴克,cafe,25.0528405,121.6074834
3322781396,593,五十嵐,cafe,24.9909230,121.4254782
6720843996,512,Louisa Cafe,cafe,25.0264916,121.4942083
7016192517,507,馥鼎排骨酥麵,restaurant,25.0248534,121.4236171
7211425667,444,阿秋海南雞,restaurant,25.0554963,121.6147466
4245896142,438,玖五牛肉麵,restaurant,25.0437825,121.5319829
6970871425,479,Honey Secret 甜蜜密 - 台北信義店,restaurant,25.0356093,121.5659637
6140337463,514,其實豆製所,cafe,25.0198808,121.5311614
3594604728,475,Ebisu咖哩,restaurant,25.0299276,121.5163743
4109348390,399,21 號鵝肉海鮮,restaurant,25.0604061,121.5252803
4524863580,439,天銅平價鐵板燒,restaurant,25.0560422,121.5403314
4031296820,439,八方雲集,restaurant,25.0525281,121.5468798
5016026485,478,MissGreen,restaurant,25.0308202,121.5504189
3826876369,514,露易沙咖啡,cafe,25.0168841,121.5329613
7169581047,440,愛上愛莉,restaurant,25.0521644,121.5545421
2784820891,551,溫馨小舖,restaurant,25.0079082,121.4502309
4458954590,440,欣葉日式料理,restaurant,25.0535177,121.5573173
3914415980,555,樂華天下,cafe,25.0089839,121.5105431
7194706713,364,ED's Diner美式BBQ燒烤餐館,restaurant,25.0797199,121.5600615
4834782721,734,鮮風味湯品屋,restaurant,24.9588715,121.5375671
471718672,515,麥當勞,fast_food,25.0181747,121.5333311
4538270100,734,草莓陽光早餐屋,restaurant,24.9566171,121.5380370
3830585893,514,統將精選咖啡,cafe,25.0198147,121.5319440
7175344592,512,八方雲集,restaurant,25.0202351,121.4976758
3510793986,510,好初早餐DeˇLi,restaurant,25.0175888,121.4608552
2822549360,366,內湖老張胡椒餅,restaurant,25.0817645,121.5904473
2395664930,471,合家日式涮涮鍋,restaurant,25.0342980,121.4493444
3938941048,514,首都烘培餐廳,restaurant,25.0159295,121.5316965
6336979985,438,青花驕麻辣鍋中山北店,restaurant,25.0517471,121.5227590
3953673679,440,河內河粉,restaurant,25.0525872,121.5608630
7211419057,404,樂晨早餐坊,restaurant,25.0569954,121.6035914
3740826796,725,阿東大腸麵線‧三鮮羹‧刈包,restaurant,24.9612056,121.4050474
3944643424,477,小川咖哩,restaurant,25.0402432,121.5341460
3887825441,439,正老牌米粉湯,restaurant,25.0545149,121.5422959
3216077397,476,豐盛食堂,restaurant,25.0324204,121.5290558
3921851739,640,小蝸牛漢堡三明治,restaurant,24.9825481,121.4233177
4806720621,139,1010湘,restaurant,25.1692536,121.4451949
5041554614,439,全記麻油雞麵線,restaurant,25.0517116,121.5396707
3670374297,478,不一樣乾麵,restaurant,25.0422189,121.5538828
4524863752,437,頂級鴛鴦麻辣火鍋,restaurant,25.0433855,121.5061756
3921851752,640,魔力早餐,restaurant,24.9822493,121.4235026
7175334751,213,海餃十塘,restaurant,25.1364305,121.4972598
2166428563,439,韓記牛肉拉麵,restaurant,25.0515554,121.5360853
5189728524,249,藍白小鎮,cafe,25.1200477,121.5266175
2494671026,440,君悅排骨,restaurant,25.0543771,121.5500508
2952382791,476,Kiss Pizza,restaurant,25.0400653,121.5310439
6781231888,365,cama café,cafe,25.0791801,121.5693518
7004297799,437,自助餐便當,restaurant,25.0521319,121.5099666
5174133524,325,肯德基,fast_food,25.0943670,121.5223525
3337457972,640,省煮席,restaurant,24.9838425,121.4184881
3514498793,185,85度C,cafe,25.1378669,121.4600638
2943766457,437,醬香紹子麵,restaurant,25.0452818,121.5076246
3837357673,598,阿達麻辣臭豆腐,restaurant,24.9957181,121.4979153
7175344542,211,李大吉溫洲大餛飩,restaurant,25.1284265,121.4691521
4149564875,556,費斯達香草洋食館,restaurant,25.0152429,121.5325438
7090057985,440,幸福的一天,restaurant,25.0504002,121.5618793
1796775323,365,TIMAMA,cafe,25.0755327,121.5775114
5515959710,437,聖加海南雞飯,restaurant,25.0478848,121.5178323
4524864061,439,同客餃子館,restaurant,25.0548892,121.5389616
6979211241,507,新越,restaurant,25.0245909,121.4230310
4842666125,476,七十二牛肉麵,restaurant,25.0402680,121.5324217
3327294736,514,韓庭州韓國料理,restaurant,25.0191128,121.5329131
5051738290,561,天空之城義式廚房-深坑店,restaurant,25.0037510,121.6014763
6882654483,408,永泰香,restaurant,25.0628594,121.6600335
5095512252,474,台南意麵,restaurant,25.0364296,121.5024236
7368962869,397,北港生炒羊肉,restaurant,25.0644939,121.4991190
3724512050,515,Raw Cafe,cafe,25.0266008,121.5424667
3066796702,405,齋之傳說素食餐廳 (東湖店),restaurant,25.0687314,121.6168938
2526182350,649,早餐店,restaurant,24.9873773,121.5503512
6924514566,476,胖老爹美式炸雞,fast_food,25.0363726,121.5279444
3413915775,138,七條通日式煎餃,restaurant,25.1726462,121.4400758
3859929913,190,晨華早餐店,restaurant,25.1377870,121.5416295
5129807585,474,星巴克,cafe,25.0335268,121.4983893
4709827191,475,呷米共食廚房,restaurant,25.0424437,121.5137015
5564549105,493,阿英小吃店,restaurant,25.0428909,121.7767317
3596859088,477,羅浮宮,restaurant,25.0374163,121.5429523
4449757467,437,La Caja de Musica樂盒子,restaurant,25.0501065,121.5182065
4147356095,553,老三古早味,restaurant,25.0148957,121.4792385
2643644714,353,池上50馨飯包,restaurant,25.0780871,121.3963273
3750119961,443,昆陽牛肉麵,restaurant,25.0498576,121.5940309
3928065157,190,鐵板便當,restaurant,25.1378888,121.5421139
7004220039,364,金沙海南雞飯,restaurant,25.0805102,121.5487754
3457792206,472,洋朵義式餐廳,restaurant,25.0299163,121.4720768
3362752798,798,林吉發,restaurant,24.9326943,121.3691467
4836631362,475,悟饕池上飯包,restaurant,25.0322231,121.5159694
3835339699,649,紅太陽早餐吧,restaurant,24.9843098,121.5618317
2887583320,401,8克C,cafe,25.0577875,121.5555114
2566814445,439,阿財彰化肉圓,restaurant,25.0477871,121.5414360
5301742221,440,鍋爸涮涮鍋,restaurant,25.0513961,121.5534618
7211425555,404,添飯館,restaurant,25.0569756,121.6005017
2820701803,761,豐華包子店,restaurant,24.9354849,121.3707901
4114606489,516,阿諾碟子,restaurant,25.0254070,121.5541949
2527528016,439,王家麵館,restaurant,25.0471221,121.5415609
6176758336,694,永和大世界豆漿,restaurant,24.9745416,121.5376098
7169581027,440,艾隆義式,restaurant,25.0484848,121.5542900
3257174823,478,Aber Cafe,cafe,25.0340607,121.5526577
3151329937,433,周家古早味,restaurant,25.0452016,121.4482756
7194706915,482,得益食堂,restaurant,25.0427381,121.6187305
2297829255,367,玄馥,restaurant,25.0807354,121.5923537
7211425632,480,炒翻天小吃,restaurant,25.0376524,121.5775531
7194706951,167,陽明山 山藥之家,restaurant,25.1594379,121.5388676
2536508249,433,三媽臭臭鍋,restaurant,25.0492084,121.4555368
6189787230,799,美而美,restaurant,24.9298594,121.3781375
1397157195,510,85度C,cafe,25.0240940,121.4710989
4867845221,476,小南門福州傻瓜乾麵,restaurant,25.0335310,121.5234366
3887762029,514,磐石餐廳,restaurant,25.0183810,121.5329540
5694591431,399,好朋友居酒屋,restaurant,25.0574920,121.5248362
2310552086,437,頂呱呱,fast_food,25.0449149,121.5052808
3541200893,399,法尼斯小館,cafe,25.0634730,121.5217244
3424566648,598,福滿堂,restaurant,24.9961500,121.4902190
7365964006,397,二哥串烤,restaurant,25.0666222,121.4985494
7175334748,513,龍口米苔目米粉湯,restaurant,25.0275248,121.5098731
6572880218,478,王記豆腐捲,fast_food,25.0309819,121.5535632
3182115423,601,阿陳麵店,restaurant,24.9906444,121.5413931
2203268915,734,碧潭食堂,restaurant,24.9563963,121.5346401
6140771049,514,café à la mode,cafe,25.0237034,121.5270254
2618174196,353,龍炒手 (麵館水餃),restaurant,25.0771939,121.3928613
5245574523,325,穿巷牛排,restaurant,25.0891970,121.5244750
3867798198,557,粗茶淡飯人文茶館,restaurant,25.0129795,121.5351455
4231372842,437,彌生軒 站前懷寧店,restaurant,25.0452470,121.5142817
2392237976,400,Village Street 手工柴燒pizza,restaurant,25.0615280,121.5349740
7175344504,218,豐聖老店,restaurant,25.1309797,121.5737362
3412211394,598,乾龍閣美食料理,restaurant,24.9977157,121.4983305
5458657194,438,壽司,restaurant,25.0547447,121.5255833
4785607422,301,阿爸義式音樂餐廳,restaurant,25.1071200,121.8056960
7211425820,480,June Burger 啾漢堡店,restaurant,25.0391743,121.5792898
7175344569,477,朱記餡餅粥店,restaurant,25.0333068,121.5389877
3777737232,514,大學口胡椒餅,restaurant,25.0169995,121.5325542
6050458055,325,鍋神日式涮涮鍋,restaurant,25.0884577,121.5265485
7213789581,479,初魚鐵板料亭,restaurant,25.0365875,121.5667197
5695162347,477,圓環肉羹,restaurant,25.0351907,121.5438326
7012041377,325,豐盛號 (Breakfast Sandwich),cafe,25.0949455,121.5265329
3729190718,138,炭烤臭豆腐,fast_food,25.1686565,121.4436082
3721304896,515,龍門客棧餃子館,restaurant,25.0279645,121.5407680
7368631816,397,旺角石頭火鍋店,restaurant,25.0619538,121.4980762
4669665803,516,苔毛咖啡,cafe,25.0222550,121.5525564
4312392758,366,壽司居酒處,restaurant,25.0803383,121.5919615
4643985790,10,暢秋平價海鮮餐廳,restaurant,25.2838611,121.5213225
2884943993,366,達美樂,restaurant,25.0820360,121.5899666
6604982541,720,麥味登,restaurant,24.9550422,121.3382300
7021220286,399,金稻子酸菜白肉火鍋,restaurant,25.0592690,121.5303805
6936432826,479,欣葉食藝軒,restaurant,25.0336404,121.5648117
6064056744,325,高雄東山鴨頭,restaurant,25.0864488,121.5249006
4205229674,439,港瀧美食餐廳,restaurant,25.0559598,121.5456918
1943860901,326,樂多,restaurant,25.0836644,121.5477035
2142306967,438,欣葉日本料理,restaurant,25.0562384,121.5225333
7004220040,364,法美園素食館,restaurant,25.0806195,121.5484301
4820442554,471,李師傅雞腿飯,restaurant,25.0386812,121.4476162
4837986591,477,真的好海鮮餐廳,restaurant,25.0391874,121.5433726
6176413346,598,暗藏鹹雞,fast_food,24.9997257,121.4968881
3451793293,601,餐一咖食坊,restaurant,24.9923586,121.5400403
3232580661,405,摩斯漢堡,fast_food,25.0682449,121.6157033
3699875579,444,The Noodles異國風味,restaurant,25.0443252,121.6161902
6284503803,478,出外人,restaurant,25.0303737,121.5608070
3292774935,510,阿兩紅茶,restaurant,25.0194529,121.4661564
3304641871,477,福勝亭,restaurant,25.0413454,121.5459907
2825607579,479,台北牛乳大王,restaurant,25.0412751,121.5676337
3819924510,602,米樂,restaurant,24.9894568,121.5493104
7095347129,439,今頂小吃,restaurant,25.0429738,121.5471453
7211425545,442,麥詩專業烘焙,restaurant,25.0451386,121.5842041
2059724803,439,貳貳,cafe,25.0561990,121.5467753
3292775567,510,Vicky Bear義大利麵,restaurant,25.0160706,121.4663836
3812406079,601,楓日式燒肉居酒燒,restaurant,24.9947310,121.5415451
4318934288,476,寧波生煎包,restaurant,25.0318313,121.5192191
2355618201,694,天津街小米食堂,restaurant,24.9662500,121.5406917
3098546861,366,明忠自助餐,restaurant,25.0792067,121.5832584
7194706769,399,POPEYE波派地中海料理餐廳,restaurant,25.0693017,121.5221426
3045040874,439,第一劇場魚丸店,restaurant,25.0542739,121.5349365
3955430392,440,大隱日式料理,restaurant,25.0519662,121.5589178
7175344653,512,真正有味鹹酥雞,restaurant,25.0202649,121.4958449
5377255532,555,豐滿早午餐永和店,restaurant,25.0109160,121.5070756
7194706751,650,可麗餅,restaurant,24.9876009,121.5766814
4265555089,437,章愛家,restaurant,25.0555566,121.5114711
2250695603,734,邑讚美食,restaurant,24.9565014,121.5343017
4685231693,476,Panos Cafe,cafe,25.0343897,121.5239296
5585946791,442,家綠素食,restaurant,25.0450732,121.5779977
7175344694,441,永和四海豆漿,restaurant,25.0434197,121.5719070
6028670686,593,源士林粥品,restaurant,24.9933243,121.4272782
4103392189,553,揚日式料理,restaurant,25.0023548,121.4843231
5110348633,516,雷記燒臘,restaurant,25.0228621,121.5549414
4325693467,479,四海游龍,restaurant,25.0406647,121.5765826
4359025066,442,霸味薑母鴨,restaurant,25.0493141,121.5902000
5166589523,399,誠屋拉麵,restaurant,25.0573746,121.5225879
6499700481,478,老師好羊肉爐,restaurant,25.0357426,121.5572834
2097669329,405,陳記一畝園,restaurant,25.0678963,121.6147950
5110348797,516,品鮮生猛活海鮮,restaurant,25.0259297,121.5517743
3343367527,479,Lawry's The prime rips,restaurant,25.0353817,121.5695602
6120716861,325,有幸福cafe,cafe,25.0947034,121.5252347
7175344607,513,初張嘴餐飲店,restaurant,25.0267846,121.5112878
3620137502,601,一家魚頭火鍋店,restaurant,24.9949125,121.5429258
6624620222,474,祖師廟排骨大王,restaurant,25.0399115,121.5025663
7343450089,440,《台北》野人Shabu 冷藏/熟成高級肉專門,restaurant,25.0446846,121.5538766
3674336842,478,星巴克,cafe,25.0324676,121.5544166
7211425537,404,富美麵飯館,restaurant,25.0653305,121.5925613
3835334323,649,老店,restaurant,24.9879128,121.5543145
4147356102,553,車站飯盒,restaurant,25.0126212,121.4790614
5515959712,437,銀座杏子豬排,restaurant,25.0476364,121.5175702
5505377703,601,吉祥平價小館,restaurant,24.9993159,121.5390893
4440521389,476,面面俱到,restaurant,25.0397558,121.5317834
5860390405,516,雅米早午餐,fast_food,25.0185791,121.5506964
4449254902,271,星海之戀咖啡館,cafe,25.1013811,121.2890375
3196847502,439,漢堡王,fast_food,25.0483015,121.5472975
7130802041,400,食肉堂精緻鍋物,restaurant,25.0623582,121.5458585
6153748461,477,Tuttle Aroma,cafe,25.0348227,121.5448809
4928425285,439,享石石頭火鍋,restaurant,25.0511715,121.5346679
3939158505,514,雲禾小火鍋,restaurant,25.0236750,121.5269070
3066878438,72,88號水碼頭,restaurant,25.2238437,121.6482427
3116012537,600,STARBUCKS 永和愛買門市,cafe,24.9964631,121.5208655
3465414844,599,85度C中和南華店,cafe,24.9973994,121.5055813
7211425600,480,派克脆皮雞排,restaurant,25.0375478,121.5781460
1766472949,364,Thai Town Cuisine,restaurant,25.0835079,121.5567780
7194706858,364,闊佬 shabu shabu,restaurant,25.0796593,121.5588458
2760755545,476,Amanda Café,cafe,25.0425378,121.5305551
4031296845,439,意美台式自助餐,restaurant,25.0514521,121.5348624
3009832433,139,八兩特大雞排,fast_food,25.1752400,121.4464874
6942478488,365,路易莎咖啡,cafe,25.0795779,121.5726637
4834761756,601,小姊妹早餐&Brunch,restaurant,24.9950461,121.5419855
1846492775,359,海霸王,restaurant,25.0814422,121.4777990
2756550032,408,鬍鬚張,restaurant,25.0621900,121.6529793
4838087680,437,爭鮮Takeout,restaurant,25.0463383,121.5175014
7108399985,438,荷蘭小鬆餅,restaurant,25.0523967,121.5193575
4425989916,321,八方雲集,restaurant,25.0850268,121.4674070
3851546381,476,順口牛肉麵,restaurant,25.0426872,121.5220127
4307554216,248,大陳市鍋燒麵,restaurant,25.1177156,121.5129685
2638377053,510,星巴克,cafe,25.0288573,121.4736120
3929888355,601,ECM咖啡坊,cafe,24.9948603,121.5414468
4373131338,514,(鐘)圓環肉焿,restaurant,25.0288904,121.5208148
4328118609,478,茶水攤,restaurant,25.0419332,121.5549807
4520207487,692,神戶鐵板燒,restaurant,24.9626090,121.5129283
3328450048,598,達美樂,restaurant,25.0020890,121.4989606
2939314769,399,京園素食館 北方麵食,restaurant,25.0610819,121.5321126
4937872371,388,吉豚屋,fast_food,25.0661207,121.3616852
2207845685,323,星巴克重陽集賢門市,cafe,25.0893668,121.4892166
3732944321,601,無招牌牛肉麵,restaurant,25.0003156,121.5401471
7170215597,402,品川蘭,restaurant,25.0624220,121.5757665
7184888483,437,飯糰霸,restaurant,25.0449657,121.5169867
7213037287,515,小姊妹麻辣食堂,restaurant,25.0241682,121.5428189
4340216595,437,寧夏素食,restaurant,25.0560555,121.5151984
2533703678,439,八方雲集,restaurant,25.0488602,121.5422301
6096045432,324,台南港口土魠魚羹,restaurant,25.0882061,121.5181216
7194706775,361,稻香伙食,restaurant,25.0721360,121.5173303
7194693253,366,早餐店,restaurant,25.0788916,121.5810886
7022030528,516,諺樂定食串燒熱炒,restaurant,25.0282488,121.5501916
4569821225,475,201 Cafe,restaurant,25.0408698,121.5065528
5110488714,399,好佳麵食館,restaurant,25.0592184,121.5217072
6749527347,478,Everywhere Burger Club,fast_food,25.0363519,121.5561388
7211425615,444,南港福州乾拌麵,restaurant,25.0548597,121.6108856
3867794075,439,六條通魷魚羹,restaurant,25.0536763,121.5334753
7125458201,437,淘客美式漢堡,fast_food,25.0445590,121.5157836
2913712503,139,吃呼義料,restaurant,25.1770097,121.4484708
